% # columns="iteration, evaluation, sigma, max axis length,  min axis length, all principle axes lengths  (sorted square roots of eigenvalues of C)", seed=799500, Tue Mar 31 23:05:39 2020
1 10 0.4806496036945506 1.0000437509570452 1.0 1.0 1.0000062500195313 1.0000125000781253 1.0000187501757822 1.0000250003125026 1.0000312504882864 1.0000375007031337 1.0000437509570452
2 20 0.4922028881152856 1.0805214088587893 0.9009706634059244 0.9009706634059244 0.9530168875481838 0.9658991988419542 0.9957752075322875 0.9994544376840094 1.0139168705640422 1.034471736284958 1.0805214088587893
3 30 0.5221006006072361 1.167518601088426 0.8327574690588129 0.8327574690588129 0.927703848612455 0.9562503826083064 0.9737052146597241 0.9957716427018894 1.0081692440061656 1.0346990406340906 1.167518601088426
4 40 0.5883414029532891 1.2829039376892895 0.8055646636106014 0.8055646636106014 0.8955145292491441 0.9258314122178624 0.9590396725713144 0.972544254065628 1.0010100750233193 1.0910056103108587 1.2829039376892895
5 50 0.6586340849417937 1.406965248869136 0.8054699369900995 0.8054699369900995 0.8530894011073942 0.8996779409591386 0.9529387387188094 0.969564944151272 1.0059439207676604 1.1206742815404769 1.406965248869136
6 60 0.7005568943856455 1.6266840363124293 0.7705193594397484 0.7705193594397484 0.7967394803689523 0.9163344269837692 0.9293582759485989 0.9857812757761523 0.9931575402082564 1.1035487972138749 1.6266840363124293
7 70 0.6658602462719069 1.7170489433914262 0.7141620743108962 0.7141620743108962 0.7526148787449437 0.9138144446781893 0.9471025668395084 0.9756892384600788 0.9931850612640404 1.0909352572902242 1.7170489433914262
8 80 0.6764128665123215 1.741082313159778 0.7050762550077246 0.7050762550077246 0.736998760063219 0.8962065539398035 0.9080909052968203 0.9402824966457145 0.9729429586673762 1.0905405482070367 1.741082313159778
9 90 0.7134600635979128 1.6716785012173998 0.6855542062844282 0.6855542062844282 0.7500395312290822 0.8607566220615133 0.9304225270111228 0.9511117674596048 1.0185192282246547 1.0988822502816193 1.6716785012173998
10 100 0.7731021985174138 1.6776046110275706 0.6483186141892335 0.6483186141892335 0.7345438463683359 0.8575914612768308 0.9204848152315196 0.9450269949394411 1.0228415366043797 1.1835433776779951 1.6776046110275706
11 110 0.7490375589126081 1.7471738598175748 0.641080391958349 0.641080391958349 0.6993791899769538 0.8324500766395814 0.8859688231587309 0.9548045599450254 1.0237224508132823 1.2577803840179638 1.7471738598175748
12 120 0.6659441228424284 1.7927459620098525 0.6336881681244246 0.6336881681244246 0.6561523965427537 0.8296458210574035 0.8756386488996947 0.9433608238795635 1.0241249454805303 1.2673038871171496 1.7927459620098525
13 130 0.6134695662017016 1.7341346183157005 0.5959409600588869 0.5959409600588869 0.6491464332228858 0.7836111107934951 0.873435066088986 0.9452779673684546 1.0300487068805957 1.2797007220494319 1.7341346183157005
14 140 0.6013969352452891 1.7292877236942208 0.572906404558138 0.572906404558138 0.6249201720005904 0.7692655104586231 0.8473101971491864 0.9548038155542067 1.0625989891055574 1.2657257401088502 1.7292877236942208
15 150 0.5929106421142241 1.7192722349777743 0.5490503632584325 0.5490503632584325 0.5991397646639454 0.7617770249317337 0.861016252121235 0.9469855054082207 1.1180456136661696 1.2336264404606319 1.7192722349777743
16 160 0.5437490557577043 1.725489556939458 0.4974095799744509 0.4974095799744509 0.5996093976108936 0.766333308828978 0.8246623127455738 0.9606672406171977 1.1293938667738919 1.265946102766658 1.725489556939458
17 170 0.490979185444366 1.72841846347244 0.49462269938624187 0.49462269938624187 0.5836854062953374 0.7626927789914548 0.8183367537884801 0.9131534349795782 1.1439190232083836 1.302948515597495 1.72841846347244
18 180 0.43004997245474696 1.706268983359843 0.4877723438355613 0.4877723438355613 0.5157956067776414 0.7681664835718366 0.8151280968067387 0.9275764090051543 1.1441421020890317 1.334264697270558 1.706268983359843
19 190 0.3896127779808535 1.7024226220030887 0.4738611273373367 0.4738611273373367 0.48764028095050843 0.7695238851443088 0.7843591824840449 0.9289966808314992 1.1693376656420549 1.29215743340688 1.7024226220030887
20 200 0.3779837624776954 1.7567016959731216 0.4759989101281715 0.4759989101281715 0.48628111277757974 0.6967439712178334 0.7950400271363005 0.9235154712932776 1.1308963988960627 1.2784567020153776 1.7567016959731216
21 210 0.4148134618588105 1.7487035641429771 0.4400160960048286 0.4400160960048286 0.4898491312758807 0.6943505255874362 0.7973538827864457 0.9095331014136986 1.1518583310114472 1.2734025322363272 1.7487035641429771
22 220 0.41417744815302104 1.9022057910504353 0.4405275373417808 0.4405275373417808 0.490339492751416 0.6599099951917996 0.7987330294284449 0.933499630471952 1.1094444094010627 1.238492403186287 1.9022057910504353
23 230 0.3722878915840256 1.8482776234772893 0.4397403351214772 0.4397403351214772 0.4798070368145877 0.6652828894334121 0.7992337397041316 0.9105750451401972 1.0799462733593281 1.2381492991091176 1.8482776234772893
24 240 0.3444813763723657 1.8401695018071151 0.43098104624377254 0.43098104624377254 0.4623551002526021 0.6673069317840488 0.7848293616877501 0.9047930648026312 1.0836372393027853 1.210606271006985 1.8401695018071151
25 250 0.3427430971124781 1.813153123286571 0.41241372107071633 0.41241372107071633 0.46127767003670167 0.6580038224317023 0.7767872426191259 0.8975893146053474 1.0536084303639133 1.220819413854577 1.813153123286571
26 260 0.3503258355371545 1.804268734885682 0.384120306950073 0.384120306950073 0.44260879187336444 0.6552580843710026 0.7677645799322003 0.9044822656182956 1.0654827940445257 1.2635802482308875 1.804268734885682
27 270 0.3742055581552476 1.7506235259461282 0.37193366403860256 0.37193366403860256 0.4210116101452966 0.6591995264187482 0.7884128065518545 0.9142036950757594 1.072844924812942 1.2692380069693754 1.7506235259461282
28 280 0.37340906827509107 1.8964354987085075 0.35546590661238986 0.35546590661238986 0.40669278923202523 0.6567728457262849 0.784201287074773 0.9210093318238498 1.065693997940235 1.262475910339411 1.8964354987085075
29 290 0.37531686160640376 1.8905648958205241 0.3580046422765636 0.3580046422765636 0.3929471935627986 0.6404240389813587 0.7708820597636229 0.9155921233101258 1.0889608013477283 1.2430999970078147 1.8905648958205241
30 300 0.3501677595969294 1.9309740386082372 0.338621481904768 0.338621481904768 0.38848516339110484 0.6313142547199124 0.7705085417249773 0.8933242511191345 1.0943683766201378 1.2430702114033116 1.9309740386082372
31 310 0.30012829177130707 1.8510086232039282 0.33080693507776116 0.33080693507776116 0.3751749038877272 0.6239183709069311 0.7744137066942173 0.9067641782381174 1.038432314791735 1.2434115902986758 1.8510086232039282
32 320 0.27722117132624186 1.7593170867770607 0.32129218171580753 0.32129218171580753 0.36343451330427784 0.6245360174791982 0.7652695389747067 0.9022560844752352 1.0421681462574781 1.17894117788021 1.7593170867770607
33 330 0.2732818448627764 1.7544142954865585 0.31307199453350637 0.31307199453350637 0.35657073159772584 0.6202129002508822 0.7691867879626421 0.8474281616910608 1.0757442558661179 1.161375629643643 1.7544142954865585
34 340 0.23843100470679618 1.7598054165348127 0.3017324836056083 0.3017324836056083 0.34009418278603537 0.6048916679224671 0.7676708519168451 0.8812071854063765 1.1375908227997702 1.151078700916738 1.7598054165348127
35 350 0.21946473626229446 1.7339630100674999 0.2935149237558224 0.2935149237558224 0.3255968001994019 0.5896043061434215 0.7513471471763259 0.884174018345236 1.1100136559870568 1.1671031132490237 1.7339630100674999
36 360 0.20229043327301702 1.723054829576766 0.27442926803345014 0.27442926803345014 0.3370980027210174 0.5749331549206705 0.7394320446664058 0.8832585255577933 1.0872032470485717 1.1338992594289716 1.723054829576766
37 370 0.21569797943174193 1.7039604771726347 0.26951555903004637 0.26951555903004637 0.31832313326549966 0.5708222235401316 0.7347726700561111 0.8665663977614723 1.059968393716724 1.1439086540068384 1.7039604771726347
38 380 0.24836187462320036 1.7131938688394754 0.2678118561078648 0.2678118561078648 0.3156287758000045 0.5625581874108411 0.7355937129959687 0.8810135236020883 0.9876629529128932 1.216471411916386 1.7131938688394754
39 390 0.2257551890898947 1.7333798424537976 0.265999251600889 0.265999251600889 0.3241924966674736 0.5415871997074955 0.7777672746792228 0.9337797037172393 0.9818225625229903 1.1668882079154514 1.7333798424537976
40 400 0.2217842106378284 1.6543442571011897 0.2601753749867752 0.2601753749867752 0.32493076734405435 0.5218855733359881 0.7585836582904819 0.9416677625146055 0.9619355250170152 1.1801630788504016 1.6543442571011897
41 410 0.23814932029976765 1.6426551076368714 0.24572315328885877 0.24572315328885877 0.31629413994094774 0.5051568890119237 0.7654649446699159 0.9804057669734596 0.9946057850363457 1.2076781175705273 1.6426551076368714
42 420 0.258596621702996 1.7030588724093378 0.24141576792740915 0.24141576792740915 0.3122552826026098 0.4960319293202597 0.7620916331842592 0.958070293908062 0.9837585446043998 1.2715621160709196 1.7030588724093378
43 430 0.24216629378046595 1.767749783712436 0.24077981067138987 0.24077981067138987 0.30797332816979817 0.4860320332179778 0.7789088963465037 0.9075447663646387 0.9956654280187207 1.2869762252755308 1.767749783712436
44 440 0.2587257908983518 1.7850964423676638 0.218820127414697 0.218820127414697 0.3059168177442555 0.4854003918526491 0.7666924395249182 0.8887667549068038 0.9950900273694909 1.267991954691116 1.7850964423676638
45 450 0.2831852593459703 1.8866195897158564 0.22473484135893873 0.22473484135893873 0.3048555335650517 0.461148426980491 0.7790976688883536 0.8563130604635133 0.9849956931969006 1.2736355912424648 1.8866195897158564
46 460 0.3051448373945841 1.960609942577021 0.22276485479366145 0.22276485479366145 0.30826509388139783 0.45122319952490697 0.7476748544530886 0.8817627410238722 0.9337046363777405 1.3388092548613182 1.960609942577021
47 470 0.314549560090816 2.174435100630519 0.21435081308525764 0.21435081308525764 0.29730299069142857 0.45078551669148914 0.7324583344990775 0.8693575284381037 0.8962447921997385 1.331273479247988 2.174435100630519
48 480 0.29997833361981807 2.2435565052839 0.20955873708585362 0.20955873708585362 0.28923093370719166 0.44978843152433573 0.7388741678471629 0.8571343570593247 0.9085739196502455 1.3015129562749352 2.2435565052839
49 490 0.30081831801707515 2.3153541457949607 0.2157297092996124 0.2157297092996124 0.2858319877500637 0.42268318501103874 0.7186655194590582 0.8446042695105653 0.9489440979823427 1.227426108991967 2.3153541457949607
50 500 0.30107839990012814 2.3642438165772055 0.2110167119308657 0.2110167119308657 0.2723349318163511 0.41306760396616904 0.710873528678186 0.8381049071987866 0.9842748786356137 1.202478657950307 2.3642438165772055
51 510 0.2888027408085635 2.318751345220763 0.20943005857052358 0.20943005857052358 0.2734600863469063 0.4116140559928965 0.6776543240420179 0.8570909327577556 1.0187401490701822 1.1573874884471167 2.318751345220763
52 520 0.2641582352804537 2.3598632659429337 0.20407120798154024 0.20407120798154024 0.2727775368652532 0.40879333343833185 0.6632319592666537 0.8039302709142433 1.0322606649524133 1.165894244523656 2.3598632659429337
53 530 0.22824534341721928 2.3488657389837746 0.20444694853428894 0.20444694853428894 0.25693002799458986 0.40315809045918505 0.651150692025363 0.8179196790836342 0.9716561630347658 1.1711641570527425 2.3488657389837746
54 540 0.20670809831633777 2.3256492484781495 0.1981840640003914 0.1981840640003914 0.2517047906393292 0.3980706432130922 0.61867677370443 0.8187313218866019 0.9545100877678833 1.15637224445937 2.3256492484781495
55 550 0.18690918972349105 2.349565299505953 0.1955703863294364 0.1955703863294364 0.24933276131635926 0.3887545667375758 0.6105288984133909 0.7913618344483438 0.9345224233875463 1.1569757770199833 2.349565299505953
56 560 0.17720004717726523 2.341731853318568 0.19193916456452675 0.19193916456452675 0.2406018570685978 0.3790196932196753 0.5918764649701084 0.7788896664180173 0.920773148971447 1.151677901769454 2.341731853318568
57 570 0.16299477189701125 2.3163175687138438 0.18603653146989638 0.18603653146989638 0.2312720868856892 0.37284395204147636 0.5954667108891952 0.8019552582782824 0.9112545385914068 1.127512888899134 2.3163175687138438
58 580 0.16392796269626034 2.387560023718203 0.185326872816557 0.185326872816557 0.22216748772556846 0.3627173863042848 0.5754695539742058 0.7805548767938579 0.9148352767348606 1.1118029316190936 2.387560023718203
59 590 0.21105821874165512 2.504859129182858 0.18384325395369863 0.18384325395369863 0.21431615081684016 0.3440714191644193 0.5780241606230304 0.7974206632231616 0.9168281690415037 1.0902821274768562 2.504859129182858
60 600 0.24169467935586186 2.850159526172234 0.17712294136326986 0.17712294136326986 0.21183838579765324 0.3437870536427081 0.5705834120504748 0.7784845796554589 0.9144526071359949 1.0917076528408802 2.850159526172234
61 610 0.28591941133106397 2.790201950985867 0.17132051232274975 0.17132051232274975 0.21207245317063905 0.33513659448174254 0.5438791280962555 0.7719175317695955 0.9295605513911078 1.0847421895982514 2.790201950985867
62 620 0.29958900523228565 2.853507820585435 0.16588401629022695 0.16588401629022695 0.2136841615552999 0.3356671150140381 0.5210708092765877 0.7646630742500956 0.9090523971344265 1.0979697317607846 2.853507820585435
63 630 0.2890517949445642 2.8483144426692393 0.16510653229020558 0.16510653229020558 0.20850967405695187 0.32760579444890914 0.5038285797142661 0.7638671191569383 0.9084981997582564 1.0485901821160757 2.8483144426692393
64 640 0.2979662204635598 2.7653330751994747 0.16353826440256566 0.16353826440256566 0.20374863046557293 0.32838713289277754 0.4934797078172803 0.7992098671332312 0.8914638837552515 1.0245484052664007 2.7653330751994747
65 650 0.2883616475688592 2.711407436061391 0.1576747983197175 0.1576747983197175 0.20315749112948778 0.3266524290584688 0.4846063736053911 0.8153047910183623 0.9201609497578291 1.0071074551591765 2.711407436061391
66 660 0.26318063624282556 2.73012318610707 0.15734027951101387 0.15734027951101387 0.19282750338947602 0.312277810055087 0.4656780841228516 0.8123236783643609 0.9163889342338082 0.9956639666311025 2.73012318610707
67 670 0.231547264731663 2.7424430782505618 0.15206680307866105 0.15206680307866105 0.1907079955895075 0.3038890879558765 0.44650192030291636 0.7832703857612018 0.9171350807906654 0.9852107064051974 2.7424430782505618
68 680 0.2206518935657601 2.6788070285881047 0.14283569929147452 0.14283569929147452 0.18675653882115698 0.3025035649879179 0.4461121205205884 0.7987432054926947 0.8866409755867588 0.975511666510888 2.6788070285881047
69 690 0.2083642719760782 2.637119751484636 0.14120013243518884 0.14120013243518884 0.18212747756980627 0.2844064833525873 0.4348234707100063 0.7943613944663 0.9090871492163825 0.9704186365680552 2.637119751484636
70 700 0.2168724564732434 2.6373906775876153 0.1441685615181247 0.1441685615181247 0.18003090895772586 0.2787680053888343 0.4156005069854203 0.7654924039859776 0.9147091228662616 0.9660638536101868 2.6373906775876153
71 710 0.23080816977078686 2.780514425846711 0.14334582233134696 0.14334582233134696 0.17693490419082852 0.25551031319990336 0.40577291165665746 0.7983846567707442 0.9173807022363138 0.964741948869627 2.780514425846711
72 720 0.29528692192023787 3.0156690227253535 0.1409258111325779 0.1409258111325779 0.1699855897596982 0.25719835340227826 0.3872889367130853 0.7979404498697382 0.8922679334025544 0.9846093046424039 3.0156690227253535
73 730 0.3634357971029204 3.1849296875929345 0.13707451983364607 0.13707451983364607 0.1697574860595358 0.2546503130811099 0.38500433381521115 0.7776087168853646 0.9349164244936403 0.9920638247629991 3.1849296875929345
74 740 0.4280522308824297 3.283864105863156 0.13461507942231404 0.13461507942231404 0.16711787238914771 0.2556399808584379 0.36470868024952285 0.7579850121328372 0.9218742058050048 1.000870151940615 3.283864105863156
75 750 0.443718266299025 3.4152438452047207 0.12410080980369247 0.12410080980369247 0.16708241055495465 0.25719669363247294 0.36989555591021 0.7469389041077152 0.9350308713374794 0.9732090051483087 3.4152438452047207
76 760 0.45139275452842115 3.4763380838524967 0.1232261105640396 0.1232261105640396 0.16280854162204084 0.2406577019785853 0.37028441494414166 0.7411385214890353 0.9476410382867453 1.0163001974368018 3.4763380838524967
77 770 0.4422863769876529 3.334852108427955 0.1168372685758347 0.1168372685758347 0.16227416544262704 0.2350494447238636 0.3703512615857199 0.7346379870041432 0.9493205279449537 1.0347853392113688 3.334852108427955
78 780 0.44743474992584087 3.208829885936895 0.11448782868941451 0.11448782868941451 0.15221876126042336 0.23188335814474942 0.3713102970303463 0.7832127541544095 0.9475215493487306 1.0425750595218968 3.208829885936895
79 790 0.48261076409435205 3.212435564347196 0.1063264624516255 0.1063264624516255 0.1453616417469329 0.2303469876343809 0.37717274314087446 0.79289791228929 0.9402518307617437 1.0798044321059046 3.212435564347196
80 800 0.4910509909678177 3.276572605310645 0.09874595679189493 0.09874595679189493 0.14384813375061775 0.2348388666351051 0.37324765282813577 0.8004154921463125 0.9383632637143138 1.112779915202251 3.276572605310645
81 810 0.49198300534461326 3.4346257815342316 0.0953751867647435 0.0953751867647435 0.1343640711086132 0.23991377810353715 0.36556140324207176 0.8300526922489757 0.9276959450056561 1.1020192780315932 3.4346257815342316
82 820 0.4690479531129984 3.3209499311445843 0.09515493318994896 0.09515493318994896 0.1321247245854531 0.2334831019617821 0.3709347787763729 0.8380689285859771 0.8909222069993485 1.1143287793303522 3.3209499311445843
83 830 0.42040508259345877 3.239242398100753 0.09253042808401588 0.09253042808401588 0.1310945404851256 0.22918705728606326 0.3677785750425256 0.852195909711911 0.8675364152360063 1.0840459028119844 3.239242398100753
84 840 0.38513359628235916 3.0829173958865734 0.09129707650843742 0.09129707650843742 0.1295543657619572 0.2264615972149313 0.36908414079229174 0.8250669993886292 0.8616621261177851 1.099017959582012 3.0829173958865734
85 850 0.3576123556269565 3.0611930534401885 0.09156337603764687 0.09156337603764687 0.1269514837417558 0.21245732680267723 0.36789023579619784 0.836467842946828 0.8645479313549634 1.0596025988885809 3.0611930534401885
86 860 0.359411142635263 3.0816724026133997 0.08741443685373942 0.08741443685373942 0.12664929678648532 0.21125394177540943 0.36923546078227365 0.8182010537173349 0.8524934898811317 1.05113812828317 3.0816724026133997
87 870 0.36713931205624495 3.0734089760741083 0.08635556796948454 0.08635556796948454 0.11770825505700759 0.2104681309863829 0.38714341243948663 0.7953957609032102 0.8410218793484849 1.0889950938681918 3.0734089760741083
88 880 0.3708971353280704 3.1409971778644734 0.083636832184404 0.083636832184404 0.11737583130051944 0.21254470923296298 0.3844211416373991 0.7736270048042562 0.8427451758310949 1.0794055696345008 3.1409971778644734
89 890 0.3990900359803393 3.104874359287585 0.08284999921327466 0.08284999921327466 0.1215390403204642 0.20537171926899633 0.37779434353298513 0.765167680677278 0.7998629968999316 1.0866970614825475 3.104874359287585
90 900 0.41530725883321584 3.1421800046417143 0.08512759811075246 0.08512759811075246 0.11837319457900408 0.20225402995567177 0.3652828206684073 0.7262066280626428 0.8508788629013887 1.0751908099486323 3.1421800046417143
91 910 0.433258556273229 3.163343936960522 0.08409929145848752 0.08409929145848752 0.11839820244210685 0.19705492767175228 0.35547848987502073 0.7293970557292365 0.8769413180399553 1.0834571693161297 3.163343936960522
92 920 0.3653107982162676 3.250039351052793 0.08044881368001916 0.08044881368001916 0.11596367635664241 0.19273430204237513 0.3476508416827876 0.7212582410771223 0.8780635907902834 1.1196469453034779 3.250039351052793
93 930 0.32965074463604876 3.2756135310981396 0.078400177168457 0.078400177168457 0.11431750962779097 0.18036238316093586 0.3397949344308383 0.7182118148985762 0.8485692660914269 1.1213716848161766 3.2756135310981396
94 940 0.32448287837247913 3.2761385599891995 0.07570011437123104 0.07570011437123104 0.11132739423111321 0.17578670845431266 0.32957065316787154 0.7238314999229384 0.8494495872205347 1.1210271682904862 3.2761385599891995
95 950 0.3018459310094178 3.399715377505533 0.07241960408124737 0.07241960408124737 0.11003112252091693 0.16869556651614362 0.32180781218768806 0.7238815913126726 0.8554857288178035 1.1535863777992945 3.399715377505533
96 960 0.2893052537156679 3.3964907597097187 0.0702416375719799 0.0702416375719799 0.1095760551841161 0.1635175978179327 0.3042546645459725 0.7362177984831576 0.8436045192364259 1.1728074582125225 3.3964907597097187
97 970 0.2738627079155243 3.3445866570853506 0.0681581496520063 0.0681581496520063 0.10672266898182879 0.1624642677294953 0.2986422604313357 0.7575658297065683 0.8320471028612619 1.1522268421255686 3.3445866570853506
98 980 0.24679383732411375 3.2529627600918967 0.06768057112015628 0.06768057112015628 0.10638875998505219 0.15762891950384525 0.28558829946407904 0.7514071877789912 0.8386028430967731 1.1431158206874015 3.2529627600918967
99 990 0.226279660585799 3.2377104066456814 0.062407840124578076 0.062407840124578076 0.10412717801215063 0.15337703612767026 0.2863600422128169 0.7573221842652149 0.8463124506844809 1.1177765172491947 3.2377104066456814
100 1000 0.19659127868297768 3.1752903153919902 0.06279215359303114 0.06279215359303114 0.09946751988630585 0.1499656851761946 0.28626340509330256 0.7637565637329 0.8513839959591895 1.1199059301317937 3.1752903153919902
101 1010 0.16621279196629213 3.0472556657865986 0.060239514997954255 0.060239514997954255 0.09697149780055754 0.14829243788005023 0.2822922007546301 0.7557053204180326 0.8437695315479895 1.1063300978122543 3.0472556657865986
102 1020 0.15540523491735383 2.9760462249040414 0.06004888810267649 0.06004888810267649 0.09661701209167581 0.14209037798449975 0.2639695110707039 0.739534590516952 0.839077603410182 1.1182317100551948 2.9760462249040414
103 1030 0.15351416141410082 2.937780841514526 0.05802455489714065 0.05802455489714065 0.0946085604463533 0.13916209493487433 0.26104837834093025 0.7585066094647345 0.8221046588184527 1.0987282907353582 2.937780841514526
104 1040 0.1348946582423343 3.069957598735268 0.057621819684186164 0.057621819684186164 0.09326704330813441 0.1329839141114458 0.25073370830826264 0.758385872654584 0.8295128366090633 1.0907998452244112 3.069957598735268
105 1050 0.1257573365368432 3.058118570369358 0.056764999463837326 0.056764999463837326 0.0919850945685765 0.13015958825899462 0.23714574913883346 0.7471151839577514 0.8361962642670967 1.0642164712238196 3.058118570369358
106 1060 0.10654337919296387 3.1267823168211355 0.056239732375330205 0.056239732375330205 0.09162397484993674 0.12987761133288028 0.22397749719701723 0.7490544133682652 0.826415132497907 1.038273665831542 3.1267823168211355
107 1070 0.09453142920436707 3.11535808170009 0.05450220213636761 0.05450220213636761 0.08863892956966507 0.12979082369915132 0.21021126065061255 0.74823089868119 0.8267356461967178 1.036191231199032 3.11535808170009
108 1080 0.08685604688235818 3.107169411908769 0.052778435999079484 0.052778435999079484 0.08863412697916011 0.1246778497031735 0.2142046862037069 0.73225604829986 0.811174715960618 1.0218816201885117 3.107169411908769
109 1090 0.08342393002676111 3.0492682120084997 0.052562905793055476 0.052562905793055476 0.08989406275225754 0.12279513062030696 0.20832465003117692 0.7140128961145158 0.8227631418772533 0.9719829750813478 3.0492682120084997
110 1100 0.07898641791308474 3.0603963971316097 0.053550017731321106 0.053550017731321106 0.0897568462746029 0.12317631676938776 0.20680515832605345 0.6843679294863446 0.8118122728137334 0.9695966656887307 3.0603963971316097
111 1110 0.0809995801149724 3.0183163644054933 0.05221882519379314 0.05221882519379314 0.0897247343034441 0.12560780732581805 0.19314325696354923 0.6716469354932495 0.8381674959617516 0.9483646992732226 3.0183163644054933
112 1120 0.08260493252589834 2.9878013073388434 0.05188541047426051 0.05188541047426051 0.08932163373828834 0.12775970816252152 0.19466621658829528 0.6646735610485788 0.8429460143093653 0.9025770855194093 2.9878013073388434
113 1130 0.08576261070593352 3.012210823613326 0.05132705130322787 0.05132705130322787 0.08679306098313183 0.1272787987977311 0.19543466780693117 0.6821653725001763 0.8355141114122155 0.8673772439567177 3.012210823613326
114 1140 0.08437084276037078 2.957325984704917 0.05098399263840211 0.05098399263840211 0.08837186183452571 0.1255427435103675 0.19101757812376974 0.6711294455785639 0.8238180521944531 0.8817039935388512 2.957325984704917
115 1150 0.09224705453978224 2.9595292293806432 0.04832172456223355 0.04832172456223355 0.0883547118509994 0.12050054256437781 0.18587779604679008 0.7053968003472373 0.8281419067193027 0.8775167819468779 2.9595292293806432
116 1160 0.10552013197490583 2.9936294457313166 0.047848670468857844 0.047848670468857844 0.07903449122666294 0.12110620962640191 0.18982962218311475 0.7235772182129045 0.8447716419291665 0.9014461411940449 2.9936294457313166
117 1170 0.1205236010221662 2.996632249940307 0.049006510742435956 0.049006510742435956 0.07262685973718239 0.11866471354745435 0.18589658632362915 0.7708877500753676 0.8498735005926196 0.9657757189371825 2.996632249940307
118 1180 0.13180431185188984 2.939178372459898 0.04856971896471449 0.04856971896471449 0.07125339413060248 0.12109889707258893 0.1848154449471637 0.737437343542916 0.807365886979936 1.06718306401557 2.939178372459898
119 1190 0.13776679914598802 3.0032351403082793 0.048250796408940776 0.048250796408940776 0.07130695064824454 0.11715770257594064 0.18554332013569155 0.7331718715925859 0.8204412331330929 1.0895537161065505 3.0032351403082793
120 1200 0.15093658586319622 2.9720477552176967 0.047199156306930355 0.047199156306930355 0.06959071140288008 0.11309622981226812 0.18438662034284278 0.6983671995861046 0.8135796009122217 1.1796791471958432 2.9720477552176967
121 1210 0.17249764239448795 3.0367811208857916 0.04690135930017009 0.04690135930017009 0.06956210772796341 0.11110653547875565 0.18114965964711208 0.701679885510777 0.7685179020905518 1.2279189527795635 3.0367811208857916
122 1220 0.1910638963043708 3.0007009998249194 0.04585876372830652 0.04585876372830652 0.06807444299108344 0.11065431558872177 0.17277256632629098 0.6744235905511013 0.7936741731920202 1.3517571853065025 3.0007009998249194
123 1230 0.20797215600153515 2.9920866358893625 0.04550958321284726 0.04550958321284726 0.06422741521491597 0.10785873797025759 0.15816751562477338 0.6712930291201875 0.8024367879519174 1.4824585744646266 2.9920866358893625
124 1240 0.2291976226455756 2.974185011551662 0.04385624277969133 0.04385624277969133 0.06416145125321304 0.10621803050810996 0.1547086234624007 0.6752020483951354 0.8084052329982044 1.541554043269668 2.974185011551662
125 1250 0.26099812593254684 3.0061868147096042 0.043169092859978796 0.043169092859978796 0.06330818103325186 0.10642460087825875 0.14814829486554074 0.6890397572926501 0.8251258861879537 1.6050130387058048 3.0061868147096042
126 1260 0.2683901965744152 3.0964043190055697 0.04212597379313606 0.04212597379313606 0.061795415006818094 0.10207361912551106 0.13837932467690947 0.7123340055787065 0.8333602908258497 1.7178912527602097 3.0964043190055697
127 1270 0.2913222383304714 3.0536671186234576 0.04013811818321292 0.04013811818321292 0.061018438220432805 0.10004879682276972 0.13939191751711388 0.7061835493376074 0.8017980767764932 1.7751665538846937 3.0536671186234576
128 1280 0.3228026630861382 2.966984938758507 0.04001320947163736 0.04001320947163736 0.06122611894144941 0.0980397606161016 0.13693568323424377 0.7028569581248945 0.7966950689990283 1.8129378659496895 2.966984938758507
129 1290 0.3733382192222534 2.8463343099829626 0.04031030947341045 0.04031030947341045 0.06016302194245109 0.09531141672499599 0.13705841969410226 0.7117562265534074 0.7557276431582903 1.9615017452340968 2.8463343099829626
130 1300 0.43859006280005836 2.8445051710787013 0.040091431949848336 0.040091431949848336 0.059439352211566814 0.09172700043382068 0.13630628693888697 0.7159460589111477 0.7338240891188788 2.1579653802716274 2.8445051710787013
131 1310 0.42928306689629125 2.816136538902928 0.03978091735770563 0.03978091735770563 0.058309743595825546 0.09127242112747055 0.12931632284319788 0.7183625395494524 0.7275780713872445 2.391455044421125 2.816136538902928
132 1320 0.42806333824142045 2.6418015246168363 0.039654503178536145 0.039654503178536145 0.05492991822430414 0.09008163525218812 0.12982162357905175 0.68619040263026 0.7428198290683551 2.473460997547413 2.6418015246168363
133 1330 0.4338777468531897 2.57814026742249 0.03980349133736241 0.03980349133736241 0.0546057072553099 0.08814861472139587 0.1281829185951438 0.6775802792026293 0.7427268388204751 2.4642481314661664 2.57814026742249
134 1340 0.45773247788701676 2.631148315111182 0.03718861969630072 0.03718861969630072 0.05407444281538599 0.08611962688812602 0.12557270040633192 0.6838696239149523 0.7646709911671316 2.407218280444278 2.631148315111182
135 1350 0.43907450801200104 2.5927933349504886 0.03785414527573203 0.03785414527573203 0.052700075854717636 0.0847380347080013 0.12330815053445987 0.6800734164985534 0.8205311457592247 2.299108641464521 2.5927933349504886
136 1360 0.4444936107793019 2.5781820763837837 0.03582805305249436 0.03582805305249436 0.053263218760331264 0.08213949632698686 0.1188769923195355 0.6859123636501158 0.8205629983763709 2.2779877252339755 2.5781820763837837
137 1370 0.4438400489373187 2.5331822924431644 0.03403593269070845 0.03403593269070845 0.05468281536980523 0.07912862772375041 0.11553797393273933 0.696852832966304 0.8274722533298399 2.282825270423428 2.5331822924431644
138 1380 0.45974257857347944 2.5175410932071185 0.03332656648520063 0.03332656648520063 0.05687894341907761 0.0789719628718098 0.11338425912806556 0.7030675191619391 0.8299702399708108 2.2075628764293884 2.5175410932071185
139 1390 0.458847547570809 2.502870755325798 0.03374328128447806 0.03374328128447806 0.05209727816518758 0.07862568164140549 0.11344943920742595 0.7288608900881626 0.8534482205380044 2.24540443589091 2.502870755325798
140 1400 0.4734290084240023 2.4809359352769835 0.03351216917054872 0.03351216917054872 0.050918451950183755 0.07352781195105892 0.1158462940669014 0.7168000910193405 0.8788323579540686 2.178793873896499 2.4809359352769835
141 1410 0.4407220375535098 2.419321631513801 0.03394191803011252 0.03394191803011252 0.05105318421958063 0.07213215158709033 0.11352931781648097 0.7202208218676236 0.8943319567036448 2.1135779187278607 2.419321631513801
142 1420 0.36881613331837754 2.390255896070549 0.03281118867934711 0.03281118867934711 0.04965489144355714 0.07195291422055856 0.11106261110313498 0.735094324801247 0.9169330512473517 2.007167518948656 2.390255896070549
143 1430 0.33977584179126163 2.36455364963966 0.03185163757588296 0.03185163757588296 0.0481702692559969 0.07208703457651325 0.10660960525582669 0.7144766644076717 0.9130455493730161 1.9369735120945668 2.36455364963966
144 1440 0.3247454189124209 2.380218573305694 0.031223387254089324 0.031223387254089324 0.04727640886172324 0.07150430075384785 0.10816868492807402 0.7000185694665803 0.9160163588461904 1.8570460473822508 2.380218573305694
145 1450 0.33236440957518054 2.3313370616874587 0.03167672251660673 0.03167672251660673 0.04609301936760307 0.06894795576957066 0.1065810856255047 0.7121193250786498 0.9141680285292656 1.8030828330167363 2.3313370616874587
146 1460 0.3075664018438348 2.2974066508939686 0.02972635493461243 0.02972635493461243 0.04606327289706675 0.06978660010197185 0.10298726375434293 0.7150474069197583 0.9849357908803968 1.8010515680580474 2.2974066508939686
147 1470 0.32188111447582407 2.2180394094358866 0.0289746866055542 0.0289746866055542 0.04618716838377568 0.0667147376219308 0.10249297005389636 0.7155365789504435 0.9783651214729487 1.727022061119988 2.2180394094358866
148 1480 0.3388750900517972 2.1613820027918185 0.02906614787350801 0.02906614787350801 0.04534325986407923 0.0668173294369106 0.10121809041503582 0.7305647481092096 0.9895433763322006 1.7025408788527725 2.1613820027918185
149 1490 0.2988829940313824 2.2049596573267705 0.02790123385069431 0.02790123385069431 0.046019916929789496 0.06613412115250483 0.10025245044821686 0.7350470631763549 1.0024932383214171 1.616280436941542 2.2049596573267705
150 1500 0.281193992977991 2.1608987346343373 0.026986122484991458 0.026986122484991458 0.04638498645107314 0.06627923174711897 0.09740179375707989 0.7098172413514536 1.001567790411442 1.584248004844554 2.1608987346343373
151 1510 0.25524281483580535 2.1502832090993698 0.025471776806391004 0.025471776806391004 0.04484104598603229 0.0686102444714854 0.09293075146977293 0.7115715236807588 0.9797182663717989 1.5843486354930563 2.1502832090993698
152 1520 0.2595203145476207 2.1260918330714604 0.02451173602981939 0.02451173602981939 0.0435869674170797 0.07014800375218383 0.09157978707907909 0.7266864216830106 0.9565451536546421 1.5319823721190446 2.1260918330714604
153 1530 0.29614203834012465 2.0872062986827276 0.024264395105771972 0.024264395105771972 0.04329868159704628 0.07003858991131878 0.0896890802879652 0.7074452188581275 0.9697300083928165 1.5829731971395085 2.0872062986827276
154 1540 0.30834307012170337 2.04277237174555 0.022247196431182645 0.022247196431182645 0.042984750490667446 0.07088983110974244 0.08747148107851963 0.7241196268554144 1.0597322154590016 1.6094435726280811 2.04277237174555
155 1550 0.26969914176644855 1.9743474906343377 0.02185984905248245 0.02185984905248245 0.04260944009005118 0.07039263878847105 0.08478458420599892 0.7132745659351791 1.1091627812257459 1.5690341754509263 1.9743474906343377
156 1560 0.23684557841344397 1.968827268411504 0.021240530345046756 0.021240530345046756 0.041672517092678565 0.0691169808280532 0.0822785249327121 0.7045408437755033 1.1165824830349498 1.542532832445623 1.968827268411504
157 1570 0.24231509431234624 1.888939262908415 0.02094318675316422 0.02094318675316422 0.04072411908672311 0.06891749933212034 0.08095255754374374 0.7026216416386482 1.0741632067255826 1.5255460483295489 1.888939262908415
158 1580 0.23649057569365148 1.8423137282405806 0.020068759571425388 0.020068759571425388 0.04026664756788414 0.07143862266359095 0.08455817323724076 0.6939884389856659 1.1214785228690534 1.429924105438463 1.8423137282405806
159 1590 0.25334141576643004 1.8556999615480094 0.019922871319722882 0.019922871319722882 0.04005696158432178 0.07089199068041827 0.08399750029415816 0.6829611236692817 1.1114907958888365 1.4159219142147956 1.8556999615480094
160 1600 0.24536293315222305 1.7977233255437373 0.01992037219506872 0.01992037219506872 0.039709202377144294 0.0704160462679466 0.081627609927612 0.6700895133778185 1.171401934990935 1.4123273886436165 1.7977233255437373
161 1610 0.24387963068898552 1.8024821791419143 0.01991085699962917 0.01991085699962917 0.03874821480079328 0.06540782516432841 0.08367948533456514 0.6776490643238579 1.1302951233426324 1.4074741923135303 1.8024821791419143
162 1620 0.257457420631615 1.7074705548257565 0.019864010885404543 0.019864010885404543 0.03711411494948826 0.06193914459880303 0.08385369461785824 0.6752875317593863 1.137145251169024 1.4641922316041318 1.7074705548257565
163 1630 0.25505031387290095 1.6881231737136075 0.01965157520854575 0.01965157520854575 0.0353325371610051 0.0621062053156491 0.08472101116354402 0.6780107243463769 1.1185713266876964 1.5340993510655774 1.6881231737136075
164 1640 0.28278569439816403 1.635691658289868 0.019667497414962837 0.019667497414962837 0.03541692763679071 0.06138892850250139 0.08270821628511568 0.6788575666036112 1.1176555201129632 1.4944817407530688 1.635691658289868
165 1650 0.31508894578485497 1.6505297876114784 0.02022695532742525 0.02022695532742525 0.03389901196873838 0.05836189114854979 0.07936979106348982 0.6868748932831459 1.2338884145230495 1.5002039231637792 1.6505297876114784
166 1660 0.352182088063883 1.6639027107461044 0.019710949678676218 0.019710949678676218 0.03335045290215207 0.05702777988748431 0.07842152105003693 0.6813715026719348 1.2299659104020724 1.5617542358333059 1.6639027107461044
167 1670 0.3734971191603887 1.6905007845952416 0.01945987808595586 0.01945987808595586 0.03351366287543554 0.059721757600109414 0.07195602120940688 0.7170092509010749 1.2231550226204804 1.5584413406135156 1.6905007845952416
168 1680 0.38193872955033487 1.6740644856275064 0.019538984920394548 0.019538984920394548 0.03272904955165958 0.0589770495673568 0.07086647019157305 0.7082008642440959 1.2329915920082342 1.5842159921383008 1.6740644856275064
169 1690 0.3738251283362537 1.6919173433347532 0.019332424883526118 0.019332424883526118 0.03218151974609855 0.056378336544422 0.07029262115590025 0.7141877169603915 1.189316094804304 1.612645372033233 1.6919173433347532
170 1700 0.35497073042550503 1.6944912127819176 0.01871441575349512 0.01871441575349512 0.03229655573816139 0.05630846039686103 0.06889131177705544 0.6805455958698077 1.1879752094572078 1.5813417128051022 1.6944912127819176
171 1710 0.3950735548007005 1.6400744564568643 0.018635899293668302 0.018635899293668302 0.032099496212024424 0.05646055866209596 0.06766844584507879 0.6718813208845271 1.1462273666550922 1.5788598615543505 1.6400744564568643
172 1720 0.44887409842928183 1.8236336396880393 0.01788477869493036 0.01788477869493036 0.032648031465668546 0.056320395294178205 0.0646417483058164 0.666047450991643 1.1720022309723188 1.5615767505105207 1.8236336396880393
173 1730 0.4510575727831095 1.9286065939085248 0.018159753807148023 0.018159753807148023 0.03219605937437112 0.05758024426828196 0.06196543551684256 0.6418889858064714 1.1812194365830324 1.587806104269052 1.9286065939085248
174 1740 0.4665200444962305 2.023617925180559 0.01832266554468561 0.01832266554468561 0.030773310682168247 0.05579929491571876 0.062256175509680815 0.625091806138443 1.14927686549441 1.5473123727318392 2.023617925180559
175 1750 0.5109509530740397 2.030251844986233 0.017795981674803577 0.017795981674803577 0.031852205515583855 0.054094424026785826 0.06162035891038957 0.6326031270197081 1.1422547003419852 1.5246057858977353 2.030251844986233
176 1760 0.5705515580551616 2.1683732234951747 0.018136667389289356 0.018136667389289356 0.03416238467986554 0.053029277930650404 0.06239126702641213 0.622126829081673 1.0345426163954008 1.4983590329831322 2.1683732234951747
177 1770 0.6662704166017305 2.1999258943105144 0.018195099884446973 0.018195099884446973 0.03379736203820219 0.05516529403440128 0.061669451445696154 0.6219600053909448 1.0108232316114254 1.5566588696313115 2.1999258943105144
178 1780 0.7234533727670147 2.475030883252904 0.01860535218616501 0.01860535218616501 0.03313187939321653 0.05428591512862 0.06046105831012461 0.6292441506355264 0.9997526075883656 1.4626494956201994 2.475030883252904
179 1790 0.7827535936429955 2.6653010471919427 0.018542153631433276 0.018542153631433276 0.032804162877672356 0.05202817175361234 0.059278722392277626 0.6318825294429962 1.0294061061440825 1.3705980038915924 2.6653010471919427
180 1800 0.8552987586380733 2.85638790174085 0.018309767784097316 0.018309767784097316 0.03252687038489979 0.05069983029502834 0.05813144669893161 0.6293923530279126 1.0265699455343587 1.3800570184963934 2.85638790174085
181 1810 0.8082628828944511 3.0071793090512267 0.017627894407531312 0.017627894407531312 0.03191252591937544 0.049609056927770005 0.060621262513246475 0.6374559480166659 1.0353419371294312 1.3023959294680836 3.0071793090512267
182 1820 0.8158698290246817 2.8960135242826865 0.0176678101071304 0.0176678101071304 0.03178386166664516 0.04981578130224216 0.05832756102196027 0.6075508047027857 1.039006695718129 1.2904972958442744 2.8960135242826865
183 1830 0.8390934630230024 2.888485532213938 0.01722659110701378 0.01722659110701378 0.031063596508635816 0.048777290619783184 0.05715627602419337 0.6289751710329581 1.0431260238355207 1.2409237988646074 2.888485532213938
184 1840 0.8271175171750894 3.1265812963751536 0.01673224195524324 0.01673224195524324 0.030820688756277234 0.0482181078320406 0.05786015968878198 0.608696636530688 1.0281425687875578 1.2328384703029218 3.1265812963751536
185 1850 0.7796059940292734 3.0697125343163214 0.01686069334282923 0.01686069334282923 0.03036995749495494 0.04740605383575294 0.05759001107752356 0.5997990763182811 0.991141597818638 1.2597181869594662 3.0697125343163214
186 1860 0.680567069078691 2.9406042089236073 0.01657372868703124 0.01657372868703124 0.02988988642628993 0.04706892135810327 0.05802822261198775 0.6021952741517791 0.9693563181740157 1.2458827192990292 2.9406042089236073
187 1870 0.605810240861602 2.841178255793925 0.015870487403572765 0.015870487403572765 0.0298591670090058 0.046106990658420964 0.057363242336977635 0.5985316494926678 0.9747361938805902 1.2473004093262516 2.841178255793925
188 1880 0.6320051093403958 2.7508586026609514 0.015220458156295462 0.015220458156295462 0.03009508359827101 0.04467605361790698 0.05638128292078876 0.6072965509119118 0.9631598973559425 1.2095501009937217 2.7508586026609514
189 1890 0.5895395533977151 2.64389153572129 0.015225751225255213 0.015225751225255213 0.03070540773764231 0.044066235503785085 0.05940995185654979 0.6050097710664339 0.9837377320163295 1.1974328822017402 2.64389153572129
190 1900 0.5459572387150873 2.520907517764131 0.015498525165177402 0.015498525165177402 0.029747643359643 0.04275617493005724 0.059186560442294964 0.6023212635215758 0.985566019388921 1.1731870755370233 2.520907517764131
191 1910 0.4983785298676843 2.365794344151338 0.015322379860183333 0.015322379860183333 0.029196086245371837 0.04200135243815413 0.058813621251506416 0.5849527555489584 1.022518742806631 1.148206066763494 2.365794344151338
192 1920 0.4806084860917334 2.3088603661664253 0.01568043009244041 0.01568043009244041 0.028402294983103638 0.041635189702136075 0.057681671645148896 0.5763270250518191 1.0024568186228042 1.1036064828582555 2.3088603661664253
193 1930 0.448207278729622 2.172021368241354 0.016537937154885093 0.016537937154885093 0.028345632775802692 0.039737113075244974 0.05652925719996142 0.5810468943742181 0.9990691801743276 1.0844069134185421 2.172021368241354
194 1940 0.4633990508165021 1.9176455468983387 0.01652453951176814 0.01652453951176814 0.028744467433338125 0.03971519397129483 0.056921690257737106 0.5839817847292601 0.9599672488884379 1.096873989322677 1.9176455468983387
195 1950 0.4532921271613696 1.9052318135392303 0.01639609683793792 0.01639609683793792 0.028803255659111564 0.03891660971388789 0.05987870777679023 0.5566432624757209 0.9582906127657842 1.0896853095274923 1.9052318135392303
196 1960 0.4504168475114678 1.8790291169664968 0.01656572810708781 0.01656572810708781 0.028325352367867294 0.03804063126711855 0.059904874193408494 0.5384831183501031 0.9781082510710161 1.097715979810682 1.8790291169664968
197 1970 0.4293644774276926 1.8132211793201651 0.01666211047108021 0.01666211047108021 0.02871079300519159 0.03846094087217492 0.06082525444276284 0.537464832415504 0.9719525463307359 1.058680880366265 1.8132211793201651
198 1980 0.4317456994201199 1.787430668484931 0.016202670454931213 0.016202670454931213 0.0284921074188096 0.038543288995164536 0.06006711543283961 0.540830248279144 0.9707971559787617 1.00452407153767 1.787430668484931
199 1990 0.4232383460519215 1.6953222136802972 0.016101646870671414 0.016101646870671414 0.027749947041188255 0.03855888078358894 0.06043553202264903 0.5385351669438605 0.9905727048010846 1.0243192171594055 1.6953222136802972
200 2000 0.4387175304809435 1.629318304385186 0.016120817436619837 0.016120817436619837 0.02833318894888145 0.03803714537708781 0.05919491329922031 0.534518130999873 0.9815323529478789 1.0302509478959672 1.629318304385186
201 2010 0.4250810987258137 1.5833509924220572 0.016426179289590895 0.016426179289590895 0.027390527344439218 0.03779599123528176 0.059771973337804096 0.5403337695604122 0.971350323569157 1.024042955631461 1.5833509924220572
202 2020 0.38906156726014535 1.5567145652074403 0.016047319166859676 0.016047319166859676 0.02699672237385176 0.03769372514593474 0.06011401519728453 0.5492462575537508 0.9268306786170263 1.020708643797452 1.5567145652074403
203 2030 0.33669497551157146 1.4906832285923757 0.01615977337520269 0.01615977337520269 0.02654381815946078 0.036907548219131316 0.059665371100651336 0.5284671807767716 0.9345279468054805 1.045851726485905 1.4906832285923757
204 2040 0.30277852962400026 1.440158107661826 0.015945592694796215 0.015945592694796215 0.02662222072172772 0.03642245100615479 0.059557270147123885 0.5093081498290105 0.9242851471796748 1.0015133239473417 1.440158107661826
205 2050 0.28316257828691577 1.380828869020167 0.015791899723392296 0.015791899723392296 0.025645186140153334 0.03690098671749812 0.057383255136534465 0.5133146376835359 0.915270269754504 0.9768970764144835 1.380828869020167
206 2060 0.26947508615259447 1.3227412338763676 0.016756923256896147 0.016756923256896147 0.024796792217179422 0.03629051862423097 0.055807830802580415 0.5031587383062388 0.9260902747595376 0.9471475847256888 1.3227412338763676
207 2070 0.23170789250234589 1.3167100753191467 0.017046478799248758 0.017046478799248758 0.024301637315987897 0.036128079349024886 0.05379346661488598 0.49956415233319995 0.8863715609740869 0.9212747046421658 1.3167100753191467
208 2080 0.20664050856189442 1.270649273385008 0.017178417428684086 0.017178417428684086 0.0245370021564142 0.03468355557171133 0.050871184785591606 0.5045495044080613 0.8695865399017539 0.8947497629402449 1.270649273385008
209 2090 0.19793379651430112 1.2499141570502739 0.016350699239423873 0.016350699239423873 0.024287380093984613 0.03510817922864518 0.04838622853544353 0.49967007120157253 0.8521780478959878 0.8774155887303017 1.2499141570502739
210 2100 0.204820858802041 1.244687042291523 0.016514476355128385 0.016514476355128385 0.024749763997645665 0.034328440395137015 0.048038758277385386 0.4963684954356748 0.8166691577498721 0.8647633354161703 1.244687042291523
211 2110 0.19311086522122223 1.19429176052838 0.016735838432016478 0.016735838432016478 0.025273528022619108 0.03469861084071786 0.04909681477577179 0.4891529538231966 0.7912952748559023 0.8645344787610697 1.19429176052838
212 2120 0.17528635556816044 1.1043040570196756 0.01624398783365707 0.01624398783365707 0.025342279014263704 0.03412281380559075 0.04877048209799862 0.496747690538503 0.7866856951064497 0.8689976939832698 1.1043040570196756
213 2130 0.15564805467859621 1.0619392373602397 0.016314920387888694 0.016314920387888694 0.02466053294474427 0.034536342667352754 0.04834622654731843 0.5125198735544185 0.754156546863128 0.8638547371833445 1.0619392373602397
214 2140 0.15070016226692953 1.0530977832609874 0.016262331448892275 0.016262331448892275 0.023176638276566904 0.0337756442371835 0.048487746569435435 0.49566033796606956 0.7467875442108953 0.8750457487187938 1.0530977832609874
215 2150 0.14912582682593895 1.0524256279672954 0.015916639077856454 0.015916639077856454 0.022892974930481043 0.03305317820213167 0.051327260787110585 0.4801258984897717 0.7443219685493003 0.8527854127478306 1.0524256279672954
216 2160 0.1369375161762597 1.014170589833425 0.016070778611353892 0.016070778611353892 0.022335330457421098 0.03265150927823098 0.053646838865766044 0.4623044530196787 0.728265848126092 0.8270013002942995 1.014170589833425
217 2170 0.1281629256932344 1.0327686609054514 0.01603024814697994 0.01603024814697994 0.021907539281213473 0.03149595114761922 0.05215635087809402 0.4576299682851275 0.6950931498676048 0.8196260751085717 1.0327686609054514
218 2180 0.11127018611313827 1.0173778156948525 0.015865947208948787 0.015865947208948787 0.021716068513512998 0.03120719731372559 0.054041215751679146 0.44697331773822063 0.6417656871208006 0.815930846466048 1.0173778156948525
219 2190 0.0942278083284741 1.0159856109491936 0.016114717482295024 0.016114717482295024 0.021572806276234213 0.029211711537094853 0.0540765177775916 0.44031440628176405 0.6357778090723154 0.7823471123032633 1.0159856109491936
220 2200 0.08483979919696526 1.0100745269133984 0.01578487266908403 0.01578487266908403 0.020990759599171446 0.02859081776218497 0.05320719402510696 0.42214684434374394 0.638436504508045 0.7540739893937545 1.0100745269133984
221 2210 0.07430511351763301 1.0122999092044356 0.014711051306831108 0.014711051306831108 0.021603381658782898 0.02844665438891512 0.05326371507713397 0.41356406377150096 0.609218295476704 0.7481045187432146 1.0122999092044356
222 2220 0.06497928830560576 0.9919835325535252 0.01446657468792558 0.01446657468792558 0.021019248203909685 0.02755999985738561 0.05236061221829106 0.4071182815349973 0.5921033907271613 0.7441546180666342 0.9919835325535252
223 2230 0.05682943156625768 0.9519770924418319 0.0144193666076363 0.0144193666076363 0.020953187040053275 0.027068496043763327 0.050413422048095874 0.4054076327672193 0.570778541901424 0.7399868935881357 0.9519770924418319
224 2240 0.04936807182464219 0.9276117378138367 0.014211261580115932 0.014211261580115932 0.02060671912201646 0.027469631217728545 0.04991375843783882 0.36852066709159575 0.5795359393602735 0.7326744154786017 0.9276117378138367
225 2250 0.0484351765612049 0.8546571576992629 0.01438174318739175 0.01438174318739175 0.02009334076133354 0.02765821187396882 0.048967430087158106 0.3522748752939878 0.5763018416735142 0.75236937309537 0.8546571576992629
226 2260 0.04775350544427746 0.8416042591410356 0.013912943212516403 0.013912943212516403 0.01996146317782518 0.029204935408279818 0.04887929522478835 0.350854348890352 0.5459254661481294 0.749912060205836 0.8416042591410356
227 2270 0.04725419707646271 0.8219577320338928 0.013201343672400898 0.013201343672400898 0.019785755379020418 0.030035427534765152 0.04686516186730325 0.3535647939093946 0.5404091954063116 0.7472099549106941 0.8219577320338928
228 2280 0.04929665872483425 0.7900262901915334 0.012719776080795983 0.012719776080795983 0.01988032802234893 0.030238988567221473 0.047513452841635856 0.3577634299776811 0.5293263153693799 0.7184866333262548 0.7900262901915334
229 2290 0.04373036616251103 0.7754479327307845 0.012561889441101814 0.012561889441101814 0.019870529665853776 0.03139682568536669 0.04755066501336203 0.3643592167489684 0.5130454384612657 0.6787777201364534 0.7754479327307845
230 2300 0.03785810372327796 0.7683686278513767 0.012293819650288838 0.012293819650288838 0.019381944930728045 0.0313917448045341 0.047270360778905514 0.35430258428352784 0.4922221000093272 0.6830996629388469 0.7683686278513767
231 2310 0.03599922722574927 0.7691945097206526 0.012188480224354158 0.012188480224354158 0.019393178531390165 0.030572451508545727 0.04649151465506596 0.33141432171557245 0.4869615991627827 0.6544960408339797 0.7691945097206526
232 2320 0.03166157693426583 0.7719444759049683 0.012421045399686416 0.012421045399686416 0.019036348999526453 0.030306813582468103 0.04694114339405474 0.325965057983288 0.46799260024750144 0.6475996845902479 0.7719444759049683
233 2330 0.03187337440698067 0.7731551125192068 0.012163958885170375 0.012163958885170375 0.019410057350670168 0.028235387509530207 0.04691746965236566 0.3089114015894111 0.46471495519485573 0.6383312695499218 0.7731551125192068
234 2340 0.030221032710775805 0.7383389260045877 0.011867929605048691 0.011867929605048691 0.019346485478594216 0.028230926362901154 0.04560689807713763 0.32766301986907465 0.46228263029997496 0.6329206001241999 0.7383389260045877
235 2350 0.028152725691751916 0.7325789546550785 0.011653084537041187 0.011653084537041187 0.01892549409851726 0.02899275971279591 0.044596650803817674 0.3221497020405337 0.4641591510753584 0.6227380699467564 0.7325789546550785
236 2360 0.02600921020858474 0.7249081371898404 0.011385137740632168 0.011385137740632168 0.018977451710721426 0.02860133194491976 0.04528883371097022 0.3158401004390832 0.44262551222039015 0.6019533116972293 0.7249081371898404
237 2370 0.02576936474997559 0.7256791809841645 0.011348817723328247 0.011348817723328247 0.01868188982293009 0.028668552251106514 0.04424322693699224 0.29533254391510444 0.44844252391393924 0.5880376197933218 0.7256791809841645
238 2380 0.02426884542759907 0.7125012794815441 0.011053203316332074 0.011053203316332074 0.019404719986254135 0.028520614338348637 0.0460370680428567 0.2941678588538062 0.4279625696088752 0.5597396609707761 0.7125012794815441
239 2390 0.022106627590057087 0.6904290852533287 0.010947819343134473 0.010947819343134473 0.01939964682737336 0.028527934345472895 0.04554894680036829 0.2851872444074291 0.41519710571400176 0.5802672784070054 0.6904290852533287
240 2400 0.02254886231528059 0.6823751023958073 0.011003557099487405 0.011003557099487405 0.018990966634382274 0.02822094258607987 0.0457836773033712 0.2774221913946692 0.37652391720830486 0.5798134365943391 0.6823751023958073
241 2410 0.02243388811955708 0.6676586440266495 0.010932674163381575 0.010932674163381575 0.019618489766844445 0.02756123653760289 0.04398510214307758 0.2731669771538572 0.3756556710495958 0.5820173485085997 0.6676586440266495
242 2420 0.022563986256566894 0.6567056339587289 0.010873390753653133 0.010873390753653133 0.019984556255757804 0.025850137009452788 0.04466823094479661 0.26901522572287284 0.38046089317950305 0.5819152409579078 0.6567056339587289
243 2430 0.019674582521670644 0.6509562485234057 0.011263220399563269 0.011263220399563269 0.0197044956058398 0.02467357512766006 0.04650426715926296 0.2686976501690215 0.367688575175092 0.5839362117343984 0.6509562485234057
244 2440 0.019874150209748923 0.6458608767685206 0.01131544258906718 0.01131544258906718 0.01960127307091427 0.02393298273983664 0.045676945810835264 0.25356612985824806 0.366608202333417 0.5759708240656306 0.6458608767685206
245 2450 0.01836183418938383 0.6481047756107782 0.011257795735043825 0.011257795735043825 0.018951646236391048 0.023723169516561317 0.04542219070565665 0.26400738767891696 0.3627593797799367 0.5645117043359352 0.6481047756107782
246 2460 0.017430318463505016 0.6342660574215018 0.011082622712502679 0.011082622712502679 0.019049642481041268 0.022662473142028367 0.045491967264555976 0.2661414174199961 0.3625309964277809 0.5442019165620711 0.6342660574215018
247 2470 0.016420005101209223 0.626755054820757 0.011086269493853747 0.011086269493853747 0.018611139399608838 0.022602766453676027 0.04388366304563761 0.2655277349732524 0.34677069647751213 0.5500718890546225 0.626755054820757
248 2480 0.01529945463483942 0.6069899957246092 0.010952493625269398 0.010952493625269398 0.01866546702636229 0.02250275581092009 0.04220365450279168 0.26465276143762856 0.3454309264077477 0.5455369476252124 0.6069899957246092
249 2490 0.014754249176364717 0.6032022802908513 0.010921008834208155 0.010921008834208155 0.01807770778597448 0.0210627985118923 0.04261379293953169 0.2616602544037944 0.3429714376848038 0.5390897600310556 0.6032022802908513
250 2500 0.013139165522387204 0.6088809534715067 0.010615323348734657 0.010615323348734657 0.018270258000187008 0.020588276138803038 0.042374247916888055 0.2558516922702934 0.3344969289200249 0.543567431534602 0.6088809534715067
251 2510 0.01246616836431531 0.6031820441744641 0.010611283267473052 0.010611283267473052 0.01810650093257078 0.02000179544873643 0.04280460697134692 0.2492778453005165 0.318263354771215 0.5245288526089023 0.6031820441744641
252 2520 0.011544556458735809 0.6021354693363495 0.010189437805764779 0.010189437805764779 0.017371233860763096 0.019044029313864574 0.04223413177142167 0.251540245837236 0.31207648964134904 0.5428547401598801 0.6021354693363495
253 2530 0.010646351460463012 0.5863631775807426 0.01008206135683862 0.01008206135683862 0.01748059660964333 0.018681465077621917 0.04133052947044938 0.2509036344319149 0.29947499650813836 0.5415987840255031 0.5863631775807426
254 2540 0.010754723742155163 0.5833095855104131 0.009866349917265826 0.009866349917265826 0.016778389891033935 0.01771951638157814 0.041605599667632574 0.2505206681513562 0.3019411753746498 0.5368408083839021 0.5833095855104131
255 2550 0.010216799177413784 0.5610470577311248 0.00959799687401162 0.00959799687401162 0.016215052031319437 0.017984608789937132 0.04223468024363055 0.2486978784133255 0.29169096084463497 0.550064382979587 0.5610470577311248
256 2560 0.009768276521795807 0.5547570432459702 0.009813767045827733 0.009813767045827733 0.015350952980650938 0.01790568341001211 0.042107996969101905 0.24270558001589088 0.2854634441956418 0.5198895398568335 0.5547570432459702
257 2570 0.008669262582151824 0.5684969820293507 0.010020658720514065 0.010020658720514065 0.015205596595073858 0.016534943308889483 0.04062466431595054 0.23760517128326486 0.2760903183909752 0.5305098648996874 0.5684969820293507
258 2580 0.008071062981653583 0.5668738662805471 0.009728418455255943 0.009728418455255943 0.01491513715612445 0.016499329247653138 0.040168882131997416 0.23174278215165786 0.25765533953146247 0.5201562140231039 0.5668738662805471
259 2590 0.0073809537012464515 0.5619705595415673 0.009460509018433809 0.009460509018433809 0.014901905788108488 0.01634665338188062 0.039537378165918874 0.2251234814697224 0.25396885832322386 0.5095403110878881 0.5619705595415673
260 2600 0.0066482531905438765 0.5576819075756216 0.00962900171112437 0.00962900171112437 0.014507796307878766 0.015460301530379873 0.03851577490239956 0.2150338099207153 0.26106816896413215 0.5171721274087395 0.5576819075756216
261 2610 0.00598641412112684 0.5538979888449119 0.009573222130439986 0.009573222130439986 0.01286670340593722 0.01553952729643781 0.038469213919420445 0.20937107163118737 0.25995714268197756 0.5276614518752918 0.5538979888449119
262 2620 0.00569304933470354 0.5412932568436131 0.009132401419060014 0.009132401419060014 0.012682271807117394 0.015504424903928745 0.03784496912472633 0.20764326049473092 0.25313343941268684 0.5254636325352536 0.5412932568436131
263 2630 0.005570364863892505 0.5445139780166681 0.009108789025453104 0.009108789025453104 0.012685084491386202 0.014193804582467662 0.03796686439185886 0.20730269413749583 0.2459976797430916 0.5293973708571048 0.5445139780166681
264 2640 0.005186629767493564 0.5489270541144652 0.00900702230389951 0.00900702230389951 0.012155962852044669 0.013608522435812665 0.03948667961085203 0.20569428826714173 0.24330721067522346 0.5109660016985778 0.5489270541144652
265 2650 0.0049126013451763545 0.5546381918155592 0.008862099710700115 0.008862099710700115 0.011743491811968357 0.013968900868801253 0.03930799686058701 0.19692754714849986 0.23462836328742964 0.503310707469803 0.5546381918155592
266 2660 0.00486826138161356 0.5481565970547501 0.008881133892855667 0.008881133892855667 0.011799153451892393 0.013941529673814483 0.03900278810041187 0.18294970983529024 0.23086150109686832 0.49931412330542224 0.5481565970547501
267 2670 0.004978946869579743 0.5287412896647742 0.009136371980554827 0.009136371980554827 0.01171021020451564 0.013788008033998156 0.03842054751825767 0.17754333936490022 0.22561024139939898 0.5001700049403941 0.5287412896647742
268 2680 0.004653701418255369 0.5166839018498733 0.009137938220759843 0.009137938220759843 0.011480920988287489 0.014202700916761131 0.03837376257173942 0.16910893675428437 0.23071922250014304 0.492843910628028 0.5166839018498733
269 2690 0.004395495440784061 0.5035116841519939 0.009142380432701536 0.009142380432701536 0.011656668930213032 0.013459813299418262 0.037500909344854005 0.16702198950146963 0.23182879408550713 0.4677484956554151 0.5035116841519939
270 2700 0.003922952474936885 0.494248344674697 0.00905082131657675 0.00905082131657675 0.011876992990320566 0.013375454291568676 0.03582247051717816 0.1667293997353988 0.22937983694790023 0.4487467280765095 0.494248344674697
271 2710 0.003587425283779211 0.49238009246438463 0.00902249576582986 0.00902249576582986 0.01152276318027465 0.013121405865429609 0.03549748298571737 0.16325890694224132 0.22216799772445467 0.44138801702415464 0.49238009246438463
272 2720 0.003198746630629328 0.4795409157930879 0.008735057058105261 0.008735057058105261 0.011625930764731729 0.012474951255105983 0.03525614296349389 0.16862586169584196 0.22386148438154949 0.4219762063881617 0.4795409157930879
273 2730 0.003045707957977739 0.46909780845881693 0.008622693023281735 0.008622693023281735 0.011310651349995204 0.01262009120996591 0.035423951371849685 0.15431429291290957 0.2228629976853997 0.412672314109422 0.46909780845881693
274 2740 0.0030316092197904855 0.4482449969379216 0.008368886773504126 0.008368886773504126 0.01141927004231901 0.012846647431585596 0.034344614378070515 0.15268472269715277 0.21962882091761565 0.4080676291087939 0.4482449969379216
275 2750 0.0027244621676836456 0.44545128467931816 0.008347613661132751 0.008347613661132751 0.011263740051536455 0.013526752415293814 0.034826065404251934 0.15116166934366432 0.20445690918100434 0.38851734312621405 0.44545128467931816
276 2760 0.0026470243352965054 0.4333750021633178 0.008138333959144097 0.008138333959144097 0.011159377746861352 0.013512850484979855 0.03464768853296935 0.14262084730015762 0.2014295129502244 0.38343351879716064 0.4333750021633178
277 2770 0.0024670945913902783 0.42665830737871874 0.008009021021705543 0.008009021021705543 0.010954197653596743 0.013401305744082428 0.0330944464248703 0.13900346537830485 0.20024650341438752 0.38971516201252343 0.42665830737871874
278 2780 0.0023107916257082395 0.42332823869306924 0.007887866028520821 0.007887866028520821 0.010871907774032094 0.013223146420373814 0.032679828632998384 0.13573932251605123 0.1945894408374185 0.4008964632113319 0.42332823869306924
279 2790 0.0023075505938896824 0.4222141867848422 0.0077588636752710565 0.0077588636752710565 0.010688125869236165 0.012977503008241357 0.03333290263154047 0.1345548325215933 0.18793339334609654 0.393162721086379 0.4222141867848422
280 2800 0.0022427588885555916 0.41471455596562223 0.008146396046791182 0.008146396046791182 0.010735816710912413 0.012191218060742793 0.03282729974646829 0.13528288846734143 0.1847532167789324 0.38115251900016156 0.41471455596562223
281 2810 0.0020822536670991195 0.41369319607203225 0.008135955584391346 0.008135955584391346 0.0103710047677855 0.012101910684420292 0.0328378296920682 0.13711686897519984 0.17761323328881884 0.3804802768607192 0.41369319607203225
282 2820 0.002060482776247954 0.4093019801859931 0.007922853855622577 0.007922853855622577 0.010480266057931516 0.011870833998596246 0.031185442338792196 0.13604635407362609 0.17925403459205783 0.372907890934816 0.4093019801859931
283 2830 0.0017856711973364232 0.4078838335945369 0.007696209888941968 0.007696209888941968 0.010925545413955925 0.01176745931392375 0.030627343974330878 0.13299558272571652 0.17829627954227636 0.3592307895240195 0.4078838335945369
284 2840 0.001718387657033997 0.40644909326099143 0.007479734783386641 0.007479734783386641 0.010103281804239764 0.011644893364335406 0.03156851591773669 0.13227743139415618 0.1729558189357542 0.35615918967094584 0.40644909326099143
285 2850 0.001698585643257682 0.3822475888582 0.007420520226294595 0.007420520226294595 0.01032465750023386 0.01160470198146244 0.030869752708769904 0.13015621889463946 0.1706916594177666 0.3579145798832163 0.3822475888582
286 2860 0.0016576306699304585 0.38622051957233894 0.007446029409991723 0.007446029409991723 0.010192761596580249 0.011870304112117978 0.03043906553796797 0.11834548610415475 0.17257646485844794 0.36028489316166906 0.38622051957233894
287 2870 0.001531915873715882 0.387247301282524 0.007389816081547379 0.007389816081547379 0.01047448700986851 0.01232989397932201 0.029969963349046707 0.11059353712064193 0.1730557167473748 0.3551062900024678 0.387247301282524
288 2880 0.0014683282123299998 0.38890292169413854 0.007203731676434681 0.007203731676434681 0.010303477256901422 0.012469776352562533 0.03041617950013747 0.10873519917765243 0.17128073597068835 0.3383119968942953 0.38890292169413854
289 2890 0.0012483180233768929 0.3918999704909987 0.007049088469926951 0.007049088469926951 0.009865799434683992 0.012445328246601044 0.030372773974189325 0.10707136392072995 0.16721563777093532 0.3328762280157842 0.3918999704909987
290 2900 0.0010923648661156132 0.3809277918048192 0.00708207982640316 0.00708207982640316 0.009201602814584738 0.012358754844946439 0.03025606630617675 0.10662931673874926 0.1639050116451047 0.3192804518842121 0.3809277918048192
291 2910 0.0010203647404904348 0.35772018500179215 0.007083536813221468 0.007083536813221468 0.009171958195651825 0.012266541725853893 0.0289231501028555 0.10668715870035125 0.1629909970360214 0.3128181322337279 0.35772018500179215
292 2920 0.000883043018119208 0.35871242434126305 0.006843586895908179 0.006843586895908179 0.009070101943948361 0.01246687531054818 0.028859629262693882 0.10669246384571632 0.16645921447542159 0.2900903623520362 0.35871242434126305
293 2930 0.0007679427672163823 0.3475817929030216 0.006774079718706329 0.006774079718706329 0.008876868958819388 0.012100429204377858 0.02767831090361247 0.1085014149364041 0.16687857209480575 0.28069072639588016 0.3475817929030216
294 2940 0.0006968692769034488 0.3389895712832177 0.006534932635558869 0.006534932635558869 0.008654880948892631 0.011942149896208815 0.02741605458822004 0.10827531151285205 0.16770104688464268 0.27528953443483223 0.3389895712832177
295 2950 0.0006473245705733875 0.33110461097792676 0.006541485860198921 0.006541485860198921 0.008440724799275828 0.011832937605108576 0.027238577926883025 0.10438265818802073 0.16994121720796954 0.2641608836963704 0.33110461097792676
