% # columns="iteration, evaluation, sigma, void, void,  stds==sigma*sqrt(diag(C))", seed=799500, Tue Mar 31 23:05:39 2020, <python>{}</python>
1 10 0.4806496036945506 0 0 0.4764788081224327 0.4682787426937592 0.4517316899552926 0.4975313151187135 0.5031909535513006 0.473960919317342 0.46952763613109144 0.4806070794115298
2 20 0.4922028881152856 0 0 0.49187632090930017 0.48652700263395743 0.4254405842942287 0.533330307743685 0.523845809200439 0.4873178559701849 0.45596836824481585 0.48978536682321244
3 30 0.5221006006072361 0 0 0.5314350720187615 0.524298232579537 0.45129958551367116 0.6163149678028342 0.5674474207940865 0.48996811799484374 0.478315423297766 0.502245731725135
4 40 0.5883414029532891 0 0 0.6016418526544982 0.6375332399087498 0.49527627813856095 0.7515534026248073 0.6380524460732866 0.5411754757853329 0.5274845572593612 0.5566233015280381
5 50 0.6586340849417937 0 0 0.7066530977619722 0.7598946254541258 0.534605280339365 0.9363187899085721 0.7017511016942858 0.5995896898295046 0.5751821739028893 0.6126566180699593
6 60 0.7005568943856455 0 0 0.7917613063877824 0.8404746564807571 0.5396435886309595 1.000482935722195 0.7495206521982155 0.6366441490903156 0.5979368235301635 0.6408093753269973
7 70 0.6658602462719069 0 0 0.7554056044532486 0.8089622672695325 0.5034850640366878 0.9509007561428335 0.6957373224047214 0.5880326773133064 0.5368923957770899 0.6042473558667819
8 80 0.6764128665123215 0 0 0.7234829604119838 0.8331724594875445 0.49362809677043 0.9485042456750343 0.727729266182269 0.6214640040251949 0.533175480840279 0.6050475481689453
9 90 0.7134600635979128 0 0 0.7712205500941214 0.8870628125464305 0.5089900066378765 1.0076710878962427 0.8184760214384907 0.6681730619453432 0.529383114083161 0.6117801669360178
10 100 0.7731021985174138 0 0 0.8118871379927055 0.9742871398781932 0.5484409824842038 1.1315263503543156 0.9682687604696936 0.7279065216398286 0.5439594797416595 0.6401697549925718
11 110 0.7490375589126081 0 0 0.777733229040229 0.9568061455547822 0.5150232901170013 1.1098482123182178 0.9598579444087266 0.7080801687039582 0.5065392558884447 0.6153276037775597
12 120 0.6659441228424284 0 0 0.697805984155844 0.8319644352724085 0.44938792486025564 0.9657232796331544 0.8477597794643497 0.6259670518085058 0.42354773888266256 0.5273971253865877
13 130 0.6134695662017016 0 0 0.652330984222006 0.7844101835688702 0.40711448320093446 0.8702168681728268 0.7712963638496706 0.5781531806213566 0.3750155348562116 0.47554398170124806
14 140 0.6013969352452891 0 0 0.6482511938927628 0.7768120116903515 0.37666100497900934 0.8636267568097498 0.7419720493157341 0.5524524505296255 0.3672458870734038 0.4591724187837023
15 150 0.5929106421142241 0 0 0.640854859536617 0.7768949321131052 0.3682866943750254 0.8538066435159598 0.7428344586597113 0.5384306120022152 0.3335637088687808 0.4581640123642518
16 160 0.5437490557577043 0 0 0.5891386920947563 0.6970969965953445 0.3300815968240088 0.7717830481207817 0.7213922304649489 0.4914172851365588 0.30202404893612045 0.4134513558921479
17 170 0.490979185444366 0 0 0.5263777182870638 0.6258306020860537 0.2646244622408609 0.6924689932533417 0.6665127169573815 0.44459311721478195 0.2679109055216982 0.3819418802158387
18 180 0.43004997245474696 0 0 0.46549494412096326 0.5349705065420938 0.2316970695757459 0.6069950840999407 0.5816922517845969 0.3825229839402548 0.21602212813205368 0.33127109383545017
19 190 0.3896127779808535 0 0 0.4080699192528322 0.4928123530341555 0.2036729479080006 0.5538959668549713 0.5335596238499841 0.3429604656172026 0.19696500765088162 0.2851640431929622
20 200 0.3779837624776954 0 0 0.39017126565057314 0.5045744567552554 0.18996999406239812 0.517021561104082 0.5146120263688478 0.33258803212317123 0.1914977913609622 0.27502724400032774
21 210 0.4148134618588105 0 0 0.4204442728725947 0.6252347016727399 0.20991517669939996 0.5768524811013597 0.5488580844824711 0.36319030866046725 0.2155127031058674 0.28922425709207167
22 220 0.41417744815302104 0 0 0.40903169721236393 0.6253030259721232 0.2091018177978807 0.5408471913682289 0.544375006308309 0.36052142294927114 0.21380603387943586 0.28788131043877085
23 230 0.3722878915840256 0 0 0.35132527078376163 0.5617752833919117 0.1800490703809453 0.47805674672487997 0.4933869911035142 0.32257551166830195 0.18543211949464047 0.26320746090827674
24 240 0.3444813763723657 0 0 0.32467537347802433 0.5315136752693496 0.1556939722193663 0.42988775499764575 0.4341369487226338 0.2997294137701346 0.17063135845944183 0.24154829493500804
25 250 0.3427430971124781 0 0 0.34671462388346264 0.5305511801818745 0.14669430953810939 0.4165881284344827 0.43179329965763297 0.29898380517310824 0.16369641925795733 0.24511612398987395
26 260 0.3503258355371545 0 0 0.3640679606774711 0.531389684647594 0.14629150444805636 0.4170640381286664 0.4331484347305954 0.3085425806233938 0.15711357408991664 0.2612473952797569
27 270 0.3742055581552476 0 0 0.39787341437230883 0.5878552937753638 0.15445645623592846 0.4652021020973062 0.4904436523869237 0.3278199280094387 0.15721216854303657 0.2740794236556382
28 280 0.37340906827509107 0 0 0.4021919052924012 0.5715938733297757 0.15484739915022255 0.47078570431269845 0.4895358135137754 0.3281435321013555 0.15115758921532305 0.26693786176170176
29 290 0.37531686160640376 0 0 0.41552058744904247 0.587161037837252 0.152169296048445 0.47496458037225703 0.4807154074694202 0.32624267099143656 0.1503428428091012 0.27368496921241936
30 300 0.3501677595969294 0 0 0.37723744650039304 0.532886695917561 0.13958681055510072 0.435770390066972 0.432215934879817 0.30602770476075014 0.13160248870532942 0.24746586211204133
31 310 0.30012829177130707 0 0 0.3208743270134855 0.45193267676157256 0.12000075837801846 0.34410903968831624 0.34679943146017406 0.2590632891865671 0.10898679190097703 0.21206883474840538
32 320 0.27722117132624186 0 0 0.2972825758552368 0.4130148395197459 0.11006404319577599 0.3057745897488585 0.32060370795379717 0.242738112976445 0.09705019085372905 0.20239873813160456
33 330 0.2732818448627764 0 0 0.2889583631750381 0.41089018597149146 0.09927421696784777 0.30042843164018046 0.33260112244170775 0.24208157399014976 0.09366674774854912 0.20301891695986748
34 340 0.23843100470679618 0 0 0.2500479794878374 0.35489212922426483 0.0839876344599307 0.2602240478169496 0.29592627653931747 0.20102468341760119 0.07896478493840034 0.16783265949064047
35 350 0.21946473626229446 0 0 0.22917366115396876 0.3236809321444628 0.07766439973128893 0.23599918278514453 0.2655432430001068 0.18238911589352858 0.0689086085719526 0.15245344309739425
36 360 0.20229043327301702 0 0 0.2041053310087906 0.30240445013895756 0.07036942571408586 0.208598405587712 0.24329512211647453 0.16829575298436078 0.061139188029658786 0.13706444410969854
37 370 0.21569797943174193 0 0 0.21417964928507816 0.3307717221869102 0.07398419609822152 0.20779616562970726 0.2654698775917368 0.19170312199755343 0.06422821985054472 0.1395911479905332
38 380 0.24836187462320036 0 0 0.241023100243987 0.3879189155508824 0.08820533942401819 0.24047797998753329 0.2977471653582444 0.23411900721932788 0.07802288909384099 0.15839715566940363
39 390 0.2257551890898947 0 0 0.22081045796849752 0.3414669790179897 0.08103053373098155 0.20618862274426347 0.2630710872731353 0.2179818855607 0.07112946449342904 0.13653754417961042
40 400 0.2217842106378284 0 0 0.22376870071007107 0.3395359845411379 0.07532942200299926 0.20196243564792551 0.2640883328238256 0.21381972231206647 0.06979592991244304 0.13234389553939854
41 410 0.23814932029976765 0 0 0.23457865704210495 0.37039160479028455 0.08075675360175796 0.21048465306744565 0.3106147853079717 0.23280257659450213 0.07340978906876776 0.14058284514237035
42 420 0.258596621702996 0 0 0.24181112115137376 0.40847477993922515 0.08841022047265207 0.2245241794779477 0.3692807500796236 0.24873372748365155 0.07674703789018714 0.14147124394945135
43 430 0.24216629378046595 0 0 0.22749848462993527 0.3822300153888675 0.08326407881649742 0.20561604553694823 0.34423106220524025 0.23399935781784972 0.0648997396108963 0.13271947276834664
44 440 0.2587257908983518 0 0 0.23509928290597296 0.4245548836010131 0.0888511051819646 0.21893318867422715 0.3831423176345587 0.25603406853315724 0.06792982116597898 0.13050312166914665
45 450 0.2831852593459703 0 0 0.26070397798574924 0.5004991341568862 0.09524712015849514 0.22431814604698647 0.42447847272201394 0.27163469783308813 0.07181880759909676 0.14158133843117918
46 460 0.3051448373945841 0 0 0.2859638977249892 0.580528831648741 0.10049464368806785 0.23887276578038075 0.4884757579620694 0.28184498494166355 0.07155965944456592 0.15072138422902093
47 470 0.314549560090816 0 0 0.30375378843968986 0.6082401550015796 0.10148676710237475 0.24719214301729397 0.5161146065368297 0.2789363632550399 0.07179793003739449 0.15390663019518183
48 480 0.29997833361981807 0 0 0.30584952152644773 0.5888158672404982 0.09597143207141086 0.22332311739343694 0.4924357774861517 0.265865975023633 0.06952623797946211 0.14126597063334334
49 490 0.30081831801707515 0 0 0.30880990886862 0.6084598368795514 0.0953473128985884 0.21981946705761843 0.48828174525149753 0.2738420976508812 0.06809715586603005 0.13696850776758215
50 500 0.30107839990012814 0 0 0.314826634227962 0.5998225619941909 0.09623955031081814 0.21585200179277791 0.47311651977287666 0.2743213209715398 0.06770414341996739 0.1370508750561939
51 510 0.2888027408085635 0 0 0.29964670515447417 0.5818322349537225 0.09389172597811875 0.20200604705540195 0.4632038193046045 0.2595217460432628 0.0630931456513357 0.13086322574166323
52 520 0.2641582352804537 0 0 0.27168411975817 0.525007622256318 0.07870628610307462 0.1801744600169529 0.42397947285905735 0.23727746530187677 0.05792189114906746 0.1191362161170432
53 530 0.22824534341721928 0 0 0.23449856428384613 0.4475581542698563 0.06715929943447285 0.1501223472793081 0.36210167092292195 0.2036355817809953 0.04949089790049804 0.09989362260157661
54 540 0.20670809831633777 0 0 0.21327920811906087 0.41244082711315017 0.05918434803716281 0.13167702205703008 0.3244402427671733 0.18018487160222285 0.04330621014465063 0.08822715590355526
55 550 0.18690918972349105 0 0 0.19408102005499814 0.3724989621166852 0.05221702046262549 0.11259011214044405 0.2911441349404941 0.15864436558239445 0.03861310883901101 0.07771268826876013
56 560 0.17720004717726523 0 0 0.18104737400925464 0.3486039721603008 0.04797538419832104 0.10666617301406807 0.2746285569126533 0.15094962950321056 0.035685783609564925 0.07388891477755205
57 570 0.16299477189701125 0 0 0.16625355968202257 0.3331465205278165 0.04154329365261848 0.09442724614256652 0.25193343935181434 0.1383108539382147 0.03305403189874794 0.06528265070259914
58 580 0.16392796269626034 0 0 0.16310361245593308 0.35535926898891007 0.040784527002345555 0.09657111746427988 0.25442744400333067 0.14452608844108555 0.03312934610180035 0.06274126058564419
59 590 0.21105821874165512 0 0 0.21266303133989756 0.5169336961523724 0.05139629690021488 0.12224584632838727 0.35744711658385464 0.18993115566103624 0.04240769766263774 0.08179448675798903
60 600 0.24169467935586186 0 0 0.23268434273593416 0.5868863726142475 0.058405591496225234 0.1377967342329811 0.39908593229570855 0.21530319213784097 0.04741693262011369 0.09020875818515267
61 610 0.28591941133106397 0 0 0.26184282208638343 0.712624569941081 0.0703414949890096 0.15793840242202625 0.4811142221790165 0.2551722928067135 0.05408205240176717 0.10559811187816705
62 620 0.29958900523228565 0 0 0.28124365229733816 0.7481447966583166 0.07353287453966682 0.15870259333091719 0.4919067783358654 0.25709773127038577 0.05677651731850745 0.10657015261216064
63 630 0.2890517949445642 0 0 0.27822012551581615 0.7121973196536209 0.067115033824488 0.15058455553804106 0.43984693274664755 0.24972804604828286 0.055112177421400226 0.1037775904857956
64 640 0.2979662204635598 0 0 0.3079095663088976 0.7230639160568898 0.06850863550087545 0.15059515726818878 0.430222775124491 0.2614289004588276 0.05746151621518568 0.10681653378873851
65 650 0.2883616475688592 0 0 0.3064305735625422 0.7000542533077851 0.06273538066836286 0.14171950065407996 0.41749633716769147 0.25062228996506253 0.05493612819650963 0.10038423982044793
66 660 0.26318063624282556 0 0 0.2800567063236006 0.640711405032846 0.05620333921149035 0.12421411015239937 0.38026932363237803 0.22548880867634766 0.04807454252869438 0.08918450120306985
67 670 0.231547264731663 0 0 0.2401819454637488 0.5468479974716075 0.04462769794633084 0.10808945591310021 0.33530077854273327 0.199607789277807 0.042534241050035504 0.0785168003288551
68 680 0.2206518935657601 0 0 0.23033481530845779 0.5112359516128471 0.041435541929411575 0.0983580927991018 0.3197770908264809 0.19036218020849435 0.04043989621837452 0.07204475395233183
69 690 0.2083642719760782 0 0 0.22607041636335717 0.47876183625247515 0.03929036594563057 0.08842159132807938 0.3034134383509525 0.17247370603825796 0.037847662400322696 0.06735984967184926
70 700 0.2168724564732434 0 0 0.2400269120846208 0.5198310410009799 0.039657848215397945 0.08945303294752378 0.3297054980680302 0.1944329598714638 0.04052881463453423 0.0682452289919876
71 710 0.23080816977078686 0 0 0.2768641630181429 0.5920069988372324 0.04221613153557671 0.09073469887833542 0.37341453670425967 0.20781891269633676 0.042479572860537114 0.07063238577683138
72 720 0.29528692192023787 0 0 0.3724741352091064 0.7864295786051316 0.053042412378157905 0.11690207016312198 0.5074800085047537 0.28252196511493183 0.054388599096302705 0.08923824695390865
73 730 0.3634357971029204 0 0 0.4740317671558265 0.9985040332804147 0.06321689836400579 0.13881206676463823 0.627897781474543 0.34936323677962755 0.06553518797910834 0.10739553214782548
74 740 0.4280522308824297 0 0 0.5634715153294095 1.2125305193803164 0.07259344330768264 0.16603356095891203 0.7738332870743752 0.42078696415268163 0.07627479753568135 0.12643178944548297
75 750 0.443718266299025 0 0 0.5887005693357864 1.2821278922451511 0.07411523988430105 0.17771858373905508 0.8145313891492528 0.44965448665029767 0.07624588578296518 0.1237274946245231
76 760 0.45139275452842115 0 0 0.586558536838231 1.2529553278787922 0.06994003324805914 0.17967425346667154 0.8014044628952435 0.45874868469440533 0.07871357551328705 0.12294357577519076
77 770 0.4422863769876529 0 0 0.550902781868092 1.1765194597335882 0.06714732858193413 0.17461987527087233 0.7866816415556365 0.45332019501415494 0.0724397245483469 0.1213136356186206
78 780 0.44743474992584087 0 0 0.5507383842544963 1.1922844336236773 0.06341258994385077 0.17895320623861471 0.8089533536119516 0.460631417821218 0.0708482070131594 0.12392416660798818
79 790 0.48261076409435205 0 0 0.5721164864820836 1.3081168956986502 0.06628064056464707 0.19336177924400538 0.9284334722464694 0.4792077786527758 0.07633921903242236 0.13384216299343066
80 800 0.4910509909678177 0 0 0.5889354280389306 1.392172332844261 0.06537767421193232 0.19982306668319205 0.9774333550011247 0.5048522264527145 0.07451810847091626 0.1367177890765973
81 810 0.49198300534461326 0 0 0.5800606750875579 1.3454184695943001 0.06536931224022903 0.20220067004888745 0.9652660829360528 0.48929482490262427 0.07379283597190997 0.12921432411434536
82 820 0.4690479531129984 0 0 0.5537935200340892 1.2592643616461814 0.06025240458269287 0.19129528985184716 0.8799998841493191 0.46239080426314644 0.0681045270187431 0.11760577630451878
83 830 0.42040508259345877 0 0 0.4760106792814667 1.0835394702003631 0.05177856789382119 0.1680247525425794 0.7657094780426984 0.3878936607197079 0.059819104055573884 0.10242399460186577
84 840 0.38513359628235916 0 0 0.4354250157508849 0.988163432898087 0.047113060331839235 0.15184918947509238 0.6868068556033122 0.35851078845189543 0.052782850593258816 0.08482989579789468
85 850 0.3576123556269565 0 0 0.40588031412566655 0.9375620549561705 0.0423401489726019 0.1405995922543671 0.6195737262529429 0.32040091784056657 0.048494914270962364 0.07953538102150555
86 860 0.359411142635263 0 0 0.4071853532637459 0.9478392711281856 0.040644390900650244 0.14846283718744505 0.6124571087666629 0.32034093487197307 0.04750697727596239 0.08017996664321682
87 870 0.36713931205624495 0 0 0.44200840348445863 0.9774903988155556 0.040394905652923106 0.1498907051777556 0.6331924042403383 0.3276081032809298 0.0455370420450442 0.08246786407303605
88 880 0.3708971353280704 0 0 0.4382596836922663 0.9749687664809065 0.04084443480310622 0.14822616539094016 0.6369837827595142 0.323771854066744 0.04609432739931087 0.08123044418316747
89 890 0.3990900359803393 0 0 0.47246442834812374 1.0364513455031348 0.04283801782836105 0.15777116149450712 0.7320884503302392 0.34254951727670196 0.048650760397300555 0.08540654142228901
90 900 0.41530725883321584 0 0 0.5198676023317598 1.0833666233742565 0.04448099669908016 0.1608243766615967 0.7535574457188111 0.3679494532962186 0.05059891168741508 0.0859431978713584
91 910 0.433258556273229 0 0 0.5347011536004534 1.1628881807187534 0.04660033907498274 0.16630595488628244 0.7989113859474408 0.4208931853964312 0.05008009646720272 0.08887638842845932
92 920 0.3653107982162676 0 0 0.45518758307695256 0.9843244125959035 0.0385767088092334 0.13656906324480325 0.6754953081109984 0.35750000493345885 0.042218404511856426 0.06956732447053832
93 930 0.32965074463604876 0 0 0.4097031850792067 0.8926875465507069 0.03326119282102146 0.12136868474249596 0.6063969131725626 0.3191809290404293 0.038019771774985216 0.06148432958053296
94 940 0.32448287837247913 0 0 0.4158249606833118 0.9102104249774662 0.031997727737547325 0.11754840252735489 0.6227344643111425 0.310005620576202 0.03734052584579199 0.05897440446195908
95 950 0.3018459310094178 0 0 0.38424681258323445 0.8443842337916061 0.028805986546800028 0.10188697400013437 0.5858187362202419 0.2898693328737411 0.03493029497180637 0.05253639237173637
96 960 0.2893052537156679 0 0 0.354499029248319 0.7976814884248757 0.02603036189446733 0.09783385089926859 0.5564151171832685 0.2809644988762691 0.032120011546840514 0.05090233455117556
97 970 0.2738627079155243 0 0 0.3375663117217116 0.7410664887753872 0.024578824353633563 0.09102340126796224 0.5047456284255393 0.2569880015921335 0.030401214331419808 0.04641499830701943
98 980 0.24679383732411375 0 0 0.2975982633414963 0.6618972508459702 0.020285099864898275 0.08228101884038337 0.45798921497227735 0.23327400708508778 0.026954677654072598 0.041293294630613826
99 990 0.226279660585799 0 0 0.2700804254620576 0.5948004823581072 0.01859530409563362 0.07336618094500848 0.416190411834547 0.21408741143637522 0.023954328552265758 0.037706938101231956
100 1000 0.19659127868297768 0 0 0.23398299221005725 0.49220811447268664 0.01564325248911953 0.06280907780064757 0.3552793343929621 0.17689676203317792 0.020466167582670766 0.032567727042724995
101 1010 0.16621279196629213 0 0 0.19626989577955858 0.404352570616667 0.013098356727293555 0.048222650643789035 0.29855266262497915 0.1482002821498185 0.01702019300161824 0.026921767869553734
102 1020 0.15540523491735383 0 0 0.18911152138979817 0.3712710165148007 0.011880904176440958 0.04419542791159348 0.274120345378994 0.13612794956154406 0.015672213255261736 0.024488322485803078
103 1030 0.15351416141410082 0 0 0.1864600978042955 0.38106878891509466 0.011627357843733258 0.0429982795387887 0.2850138464809702 0.13455868875137725 0.015193626506411448 0.023759802577201675
104 1040 0.1348946582423343 0 0 0.1614108901511754 0.33417000855072515 0.0101382546555465 0.035946847796800345 0.24876781444490845 0.11664967659724042 0.01301311681935233 0.02071995604660922
105 1050 0.1257573365368432 0 0 0.14577480050744374 0.32002457642096105 0.009268090041666299 0.032835601787329124 0.23536784682329243 0.1088608443325159 0.012075580369379158 0.018976102028898642
106 1060 0.10654337919296387 0 0 0.12106728286155259 0.27065653964986147 0.007712413870217422 0.026387622060511515 0.1995192854464279 0.09190957965745726 0.010338049585527814 0.016084136321404444
107 1070 0.09453142920436707 0 0 0.10567693946951139 0.23940838015475885 0.0065358587378925165 0.02361875249093237 0.1772412772933564 0.07839650538845228 0.009051876213692089 0.013953781267997973
108 1080 0.08685604688235818 0 0 0.09668770933482389 0.21480811095115857 0.005916408934473317 0.020617313988569672 0.1595021418590534 0.07155316905208971 0.008494207411830147 0.012769207389206744
109 1090 0.08342393002676111 0 0 0.0953689793956277 0.20676597325606283 0.005760573352687462 0.019344466686389374 0.1517443142575322 0.06750117870025732 0.008058365499526389 0.012211294899400642
110 1100 0.07898641791308474 0 0 0.08764835976112777 0.1938061545726301 0.0052330117487051145 0.017398654923909913 0.14143747669023413 0.06536217095768038 0.007857410113999867 0.011520025248636805
111 1110 0.0809995801149724 0 0 0.08842945873135738 0.1962494450285421 0.005344522063620293 0.016926810047690404 0.14370281138796154 0.06622274430581963 0.007986109614269082 0.012319664489935793
112 1120 0.08260493252589834 0 0 0.08753893261886658 0.20239946820370622 0.0053272468304098085 0.017192805162926234 0.14749952611420689 0.06709540627803007 0.007768791714796947 0.012460773495663217
113 1130 0.08576261070593352 0 0 0.08756759574787627 0.20732562437653163 0.005487380694973383 0.017211760552374344 0.15140633067371 0.06833650790118703 0.008091269749364133 0.013157825136431772
114 1140 0.08437084276037078 0 0 0.08793854487551529 0.2036385802719867 0.005275940258592271 0.016480624684380957 0.14962022184585752 0.06755429969705803 0.007921269055665361 0.0127346840735738
115 1150 0.09224705453978224 0 0 0.1042562267168524 0.21959959960947673 0.005749052544134705 0.017889937280257725 0.17091296426419117 0.07268244790002502 0.007913606761365375 0.014306384285553673
116 1160 0.10552013197490583 0 0 0.12263614152463877 0.25173029443641537 0.006702188476747219 0.020304379627069817 0.19800804736725658 0.08504985156888924 0.008615134621478882 0.016654781033838568
117 1170 0.1205236010221662 0 0 0.13688361931776533 0.285452280969993 0.007452973364317409 0.023096703709811775 0.22373700021141607 0.0942492254648256 0.009683420869239347 0.01925229921462359
118 1180 0.13180431185188984 0 0 0.1525529647538601 0.3187454242740352 0.008041078836573238 0.02510087816008858 0.24808136520077873 0.10784507190093373 0.010698163745531734 0.021314062354175704
119 1190 0.13776679914598802 0 0 0.16516980658748284 0.32595021936011487 0.008286639600405665 0.025470810745183137 0.2667574318013664 0.10433101915525231 0.01075834434432682 0.02239228481925478
120 1200 0.15093658586319622 0 0 0.17879049570078037 0.36143169461922936 0.009145560346168168 0.027308011208375067 0.30611650287561676 0.11168178968297433 0.011885542134251269 0.023599692317010163
121 1210 0.17249764239448795 0 0 0.20185306545619625 0.4083467763579452 0.010318074986828444 0.02968891380593934 0.362466115816024 0.12377541283154964 0.013104458787649091 0.025921615014422666
122 1220 0.1910638963043708 0 0 0.2253564596520034 0.45209307631995677 0.011329427175678385 0.030513353010803983 0.4155960384405793 0.1365925322178607 0.01401630930092242 0.0275435490067259
123 1230 0.20797215600153515 0 0 0.24289432359188257 0.4999768010843763 0.012075494252539265 0.03277546418505148 0.44933855555850644 0.14816896348266786 0.015182721107947184 0.02951296112833629
124 1240 0.2291976226455756 0 0 0.26945608643970226 0.569862469702349 0.013539540915654855 0.03470239997155323 0.4957255693570836 0.1644060753253431 0.016804651598190924 0.03209463451455385
125 1250 0.26099812593254684 0 0 0.30766779116387183 0.7030447725742366 0.015596146299734645 0.037457532944624554 0.5562095915868623 0.19177475498898325 0.019311556539786574 0.036332105895684655
126 1260 0.2683901965744152 0 0 0.3060085163466555 0.7292290415179234 0.01580838748580107 0.038055663039816834 0.5629342715410931 0.19396615391286035 0.01927135094363354 0.03777972733430157
127 1270 0.2913222383304714 0 0 0.3165326521301117 0.7931263627398235 0.017149447415254416 0.04309435999861416 0.5890621520955345 0.21030525259992788 0.021037694188736328 0.040453787160114954
128 1280 0.3228026630861382 0 0 0.36207898590572124 0.8589585640845471 0.018679455854866682 0.04731421701279894 0.6552618910293865 0.2399566179892247 0.022541880625756457 0.043731097661447275
129 1290 0.3733382192222534 0 0 0.4233579708228621 1.0195363029663838 0.02234167165928432 0.055398225014135896 0.7883399294757831 0.2843119021994316 0.02611295468665894 0.05067373816204234
130 1300 0.43859006280005836 0 0 0.5146215003071988 1.1936756959425532 0.026539327284686977 0.06608732707085398 1.0110857922437235 0.33299532272393945 0.031154936557498132 0.06020812872822367
131 1310 0.42928306689629125 0 0 0.48979660034319455 1.1122320338103437 0.02442087987123414 0.06390799962835096 1.0048393830727804 0.3342843769948275 0.028854279955478967 0.05975468155128068
132 1320 0.42806333824142045 0 0 0.48426732362926456 1.081776914368665 0.024292113499607835 0.061908602182602426 0.9991199188741867 0.33085607214850216 0.027686717794674045 0.059123965746919555
133 1330 0.4338777468531897 0 0 0.4810845372919324 1.0922098716169615 0.023207085517240336 0.061392378261487385 1.0231704697762585 0.3425448189222045 0.027977705006788516 0.0609452209300765
134 1340 0.45773247788701676 0 0 0.5108844591525766 1.0974628097839554 0.023984125639305947 0.06289658833937 1.0712956091754946 0.37041789098118955 0.029464733423359847 0.061901996199811155
135 1350 0.43907450801200104 0 0 0.4899569971493273 1.0364684754577385 0.022083671319529943 0.06052606230227549 1.0274907275373666 0.35922525615941087 0.028198807965925495 0.05608910291630945
136 1360 0.4444936107793019 0 0 0.49429006763491984 1.0393975192883556 0.021720958406655857 0.06138994087590856 1.0305913663259432 0.37218054460712496 0.027985850192388303 0.055182296761950064
137 1370 0.4438400489373187 0 0 0.4703339414391607 1.0262769745424973 0.02183794307313275 0.060106888830805595 1.0112550740728172 0.37595603997449817 0.02979807622589885 0.053325973576700755
138 1380 0.45974257857347944 0 0 0.4983005939742913 1.0564681627920742 0.0226517340289521 0.06329104672633482 1.0486016364161959 0.4342314192187034 0.030778988827819515 0.052685745962765505
139 1390 0.458847547570809 0 0 0.49260968642772396 1.0303068506018258 0.022311837806293717 0.06465834851723883 1.02929084541504 0.4461016121222873 0.029737007722869125 0.051822009266592174
140 1400 0.4734290084240023 0 0 0.5089402110664069 1.0447691337972052 0.023008838502740044 0.06586130691472758 1.0154094240525948 0.47282371938350076 0.030164646111733726 0.05117666830400963
141 1410 0.4407220375535098 0 0 0.4887203008658847 0.9157091924298996 0.020326952732348344 0.05905702408731353 0.9394436458784675 0.4448208440711229 0.02781667760384883 0.046303344459682164
142 1420 0.36881613331837754 0 0 0.40431823073309986 0.7299925558374134 0.01630928399698243 0.04610177128002914 0.785269595609038 0.37293671909523035 0.02316484453454519 0.03746631874872277
143 1430 0.33977584179126163 0 0 0.38121101786303263 0.6555230433066529 0.01463060843515256 0.04337422797483854 0.7186430516317431 0.33583251661296526 0.02114274001058804 0.033838792344471944
144 1440 0.3247454189124209 0 0 0.36182347402721166 0.6207895183024225 0.013542440496160957 0.04097060785576379 0.6639424364815568 0.3153407296390249 0.018577632246403228 0.030448682517203833
145 1450 0.33236440957518054 0 0 0.35944259049738053 0.6272723352584983 0.013855096125735624 0.04112288368233396 0.6727756019490762 0.35850224958851773 0.019110118589791024 0.031520944129018395
146 1460 0.3075664018438348 0 0 0.33013873870677213 0.5555435809135473 0.012911647598501936 0.036465004288638594 0.6044627709755909 0.32031980794443404 0.016780870610834053 0.028876639224971568
147 1470 0.32188111447582407 0 0 0.34694598542688326 0.5600486980774033 0.0124939539837874 0.0374645189473106 0.6200483786478969 0.3488304329624621 0.016971215766416463 0.029815852535694375
148 1480 0.3388750900517972 0 0 0.36777148960681033 0.5677151086195815 0.012707037030338417 0.03785219993163698 0.6593206948262768 0.37764782875410025 0.01787648317492777 0.031033351876913376
149 1490 0.2988829940313824 0 0 0.3167119647350339 0.5015279487052424 0.010968181472299011 0.03268871543976058 0.5586093161400691 0.3338035502754737 0.015647953494529007 0.02672279591061069
150 1500 0.281193992977991 0 0 0.29577505848717434 0.47425046722646236 0.010145491490700575 0.030200708696939978 0.523721304606489 0.3046126312898985 0.014331663003188265 0.024145482858968028
151 1510 0.25524281483580535 0 0 0.2748507628192953 0.41086807193369934 0.008654493369087904 0.026048537097558746 0.4727210894884666 0.27059747337102225 0.013012253495705952 0.021668004493892157
152 1520 0.2595203145476207 0 0 0.27364301567563504 0.42609748380243884 0.008700074876493605 0.026242590419054655 0.4783391551384822 0.2713053466060579 0.013042888838480695 0.02165065968057414
153 1530 0.29614203834012465 0 0 0.316271207859517 0.4961554121266023 0.009780638543474529 0.029789739426989297 0.5363241881166986 0.32141119841870214 0.014820916729014985 0.024068691395016738
154 1540 0.30834307012170337 0 0 0.31591192441314353 0.5003628009703939 0.009870561951072703 0.030576195818826743 0.5485273596945877 0.34415212607757095 0.015760217396332408 0.024779261029537532
155 1550 0.26969914176644855 0 0 0.27267000514399464 0.4280193462560547 0.008436996495141865 0.025422508291521543 0.4807525223319681 0.3046017264849412 0.013556261845475905 0.021411473498253945
156 1560 0.23684557841344397 0 0 0.23955249970142908 0.36144041050150344 0.0073416009698168356 0.021247097039485657 0.4056926116779671 0.2650755821526722 0.011980695255380567 0.01873814439995785
157 1570 0.24231509431234624 0 0 0.2359380307215601 0.34499658682146317 0.007583080607739077 0.022150817104764745 0.4102921087627455 0.2796738350618422 0.012143576510036261 0.019289085131464972
158 1580 0.23649057569365148 0 0 0.23068721056553845 0.33424912073689417 0.007510014027627004 0.021496952468634044 0.40312988561565594 0.26878080792770814 0.011532400020909299 0.018465577548407247
159 1590 0.25334141576643004 0 0 0.24116443721303607 0.3534642341558907 0.00828539098484784 0.0222040507279501 0.42007434578167036 0.3042069404943235 0.012542671648582929 0.01962967604787707
160 1600 0.24536293315222305 0 0 0.2338930075524436 0.3392264245047146 0.007732760859573886 0.02178417474703528 0.4078593274840795 0.28823237325791173 0.011522983629160214 0.018294530772664012
161 1610 0.24387963068898552 0 0 0.2257371302576014 0.34601783822199306 0.007404321708556837 0.021838817911568994 0.3850817958389857 0.29287786400996035 0.011080063830176862 0.01711501122904115
162 1620 0.257457420631615 0 0 0.24371507998015954 0.37422233941884037 0.007599997642267322 0.02304654586974865 0.39799353913945545 0.3166170164522881 0.011551992311448331 0.018184428545929512
163 1630 0.25505031387290095 0 0 0.2344087427541767 0.3525175264979995 0.007565004192250954 0.02189680956059076 0.3836896680645266 0.32240118999044476 0.011692545559410333 0.01775230636417522
164 1640 0.28278569439816403 0 0 0.26319401616650356 0.381736587890269 0.008296300793153237 0.024494325265771243 0.437205519691393 0.38836040299831087 0.013348558117870042 0.01984123272683177
165 1650 0.31508894578485497 0 0 0.29228087775706957 0.4137264293234875 0.009098056317365056 0.026164186647201375 0.47766786897053215 0.4776248990785383 0.015188080741395014 0.022411960515784042
166 1660 0.352182088063883 0 0 0.33708248408054703 0.46185762674774145 0.010182927349251154 0.026846247291213418 0.5341300639501059 0.5406512793742648 0.01679245804895073 0.02568834354627946
167 1670 0.3734971191603887 0 0 0.34895791961411654 0.48901763192488157 0.011038395216660406 0.028033534034893077 0.5673832942024217 0.5828104185992046 0.017730100383986466 0.02766391155412732
168 1680 0.38193872955033487 0 0 0.35691779837218096 0.4887935682979273 0.010771102687652172 0.02821618266872513 0.5789435967865039 0.6128622612464999 0.01748281739733545 0.028117986161046615
169 1690 0.3738251283362537 0 0 0.35586329061301625 0.4856144075486978 0.01036393846306957 0.026755657312282206 0.5551375681577502 0.5843621484213006 0.016991122913225028 0.026790265761951905
170 1700 0.35497073042550503 0 0 0.3348261763007649 0.4353546820947682 0.009633510113175713 0.024778065735500693 0.5339587625430323 0.5368969281898263 0.016001424017540036 0.025341060224782472
171 1710 0.3950735548007005 0 0 0.3743093823616185 0.4781390396590005 0.010990395540742784 0.02637608619807617 0.6684802044259434 0.6058143713555709 0.019150019355328448 0.03004878283807277
172 1720 0.44887409842928183 0 0 0.4110315897075947 0.5258785474774473 0.012710328958583076 0.028340897631003316 0.7674907778688804 0.765570044244416 0.02244512607349385 0.03433858971290366
173 1730 0.4510575727831095 0 0 0.3988279174217876 0.5225743799542175 0.012825168037328727 0.02842069772260264 0.7932435023754731 0.778481874784756 0.023022236641950695 0.03517043112109026
174 1740 0.4665200444962305 0 0 0.3972941577009905 0.5353915506895486 0.01301031272460252 0.029046232091665673 0.8441552881915148 0.7847381437020258 0.02321882101123781 0.03679594893405726
175 1750 0.5109509530740397 0 0 0.4475912361499559 0.5313233023210221 0.014319313941085978 0.0321735282567953 0.9503575936396521 0.8982073067043531 0.025807321112335007 0.04170661604978757
176 1760 0.5705515580551616 0 0 0.4932908337207763 0.5914991135983132 0.01561949042730675 0.03544387649251822 1.0005797675908523 1.1076917499168637 0.026781596177082607 0.04421334929126613
177 1770 0.6662704166017305 0 0 0.582327740578339 0.7020785037952634 0.017813473475122188 0.04084592153430857 1.13148642840438 1.4745373455592408 0.032137334344419795 0.04998013093565437
178 1780 0.7234533727670147 0 0 0.6361229521648144 0.823980742587281 0.019189833717601818 0.044045146988239144 1.2014789396370336 1.7133126750015804 0.034907712401424845 0.05207889277892645
179 1790 0.7827535936429955 0 0 0.6836869571020356 0.8854670435897064 0.02109368814790458 0.046769953438053805 1.3101901380827805 2.020680477717021 0.0420412898208578 0.05677683352705128
180 1800 0.8552987586380733 0 0 0.7314167266659269 0.965922899656452 0.02253744099880865 0.05372167005873026 1.4289279126401722 2.328914665420727 0.04803294928029758 0.06124613890070203
181 1810 0.8082628828944511 0 0 0.6631126679409394 0.88979648450585 0.0209974714691157 0.04886065423760858 1.3351671579615079 2.120373284879195 0.04442821677546439 0.056791040933234144
182 1820 0.8158698290246817 0 0 0.6933717907611794 0.8974284841781731 0.021126893228818396 0.048903055563812636 1.3352285150485161 2.119884561708423 0.045087207646604316 0.05643340724418792
183 1830 0.8390934630230024 0 0 0.7426829935933444 0.9110783788521595 0.02085108391477052 0.05056055302930938 1.4772842945286164 2.32161318175358 0.0478080498459854 0.060498853515687234
184 1840 0.8271175171750894 0 0 0.7494009300496642 0.8492845595540848 0.020610123592808376 0.049599261976738994 1.4997737081766587 2.216826734993076 0.04453749512870378 0.06022570550139995
185 1850 0.7796059940292734 0 0 0.7101713078559753 0.7834435109606891 0.01918023477357276 0.04751884559573674 1.3786240410774362 1.9921903218662647 0.03879386900255842 0.05445685461028422
186 1860 0.680567069078691 0 0 0.6078468280807482 0.6916588550074787 0.016069992764706425 0.04016490690208594 1.1616798629183003 1.6929643427706844 0.03279531949254984 0.04498648935555064
187 1870 0.605810240861602 0 0 0.5470505675821827 0.6119843603539123 0.013945976455596849 0.03486085448447809 1.0148503261800985 1.4439163108625577 0.028313302183524434 0.03833310161648206
188 1880 0.6320051093403958 0 0 0.564439154639294 0.6574145144663153 0.01443006568378589 0.04005582581866956 0.9816958599431472 1.4769962297084205 0.02916819917735231 0.038955535505145696
189 1890 0.5895395533977151 0 0 0.5055081099073054 0.61559864627133 0.013174614111889043 0.037577320856615935 0.8655867589352918 1.3288544862391702 0.025170343606972824 0.03460919265733712
190 1900 0.5459572387150873 0 0 0.4660347125382849 0.5608047457599195 0.012090179040706396 0.034520908112178395 0.7602835555001193 1.167981630040996 0.02274035741274634 0.03185994642980542
191 1910 0.4983785298676843 0 0 0.43425946457911296 0.5018131306799494 0.011176286715294914 0.03065808718937357 0.697483807509596 1.0153931971936043 0.02013394818103238 0.02900942573577049
192 1920 0.4806084860917334 0 0 0.42354361220452097 0.46686010678735673 0.01080200466207981 0.029226992561241165 0.6682066710597769 0.9084717866883787 0.018908536571260535 0.026963121711761726
193 1930 0.448207278729622 0 0 0.38922158570880666 0.43027578394411836 0.010040922040610637 0.027301870902563766 0.587349619359276 0.7429378422333821 0.01640456798652507 0.024207965108060146
194 1940 0.4633990508165021 0 0 0.3979655441427623 0.4434911717869915 0.010828330789580043 0.029460525937617426 0.6016999487680789 0.7619513257479046 0.016431674037777226 0.02457294418991521
195 1950 0.4532921271613696 0 0 0.397248965322017 0.43548512508305537 0.010318483716756813 0.02857729338943214 0.578200518611969 0.7395610469307893 0.01578008741108216 0.024241137022104425
196 1960 0.4504168475114678 0 0 0.38573678118158833 0.42899070730879213 0.010305000463451187 0.028784507391549523 0.5581453023014441 0.7069830737661297 0.016206401976190762 0.02345301988463023
197 1970 0.4293644774276926 0 0 0.3639442982634772 0.4056846032651663 0.009571124291509492 0.02710196096597134 0.5125564575164729 0.6652336694734796 0.015249833249937138 0.02188929800358252
198 1980 0.4317456994201199 0 0 0.37399416550310005 0.4003487542028065 0.00920451047847436 0.027323818856915996 0.507615128277345 0.6403934266949725 0.014254588232014564 0.022001433355618792
199 1990 0.4232383460519215 0 0 0.36800219557289865 0.39071714763045023 0.008917796928539645 0.026529635135769437 0.47882119742966295 0.6096831351797414 0.013121831364207104 0.021783761125187227
200 2000 0.4387175304809435 0 0 0.37796682545172394 0.4054268560031728 0.00956035715949386 0.027680874285250425 0.48959380319893814 0.6122837799464027 0.013420105734896498 0.021551977977457303
201 2010 0.4250810987258137 0 0 0.3557518901891782 0.39044398444673156 0.009277243246158421 0.026855906518156357 0.4669607338493964 0.5818140586170645 0.012799413080452555 0.020537364356422675
202 2020 0.38906156726014535 0 0 0.3421189722594046 0.34925489359731193 0.008426029612844202 0.024641936039303074 0.4308053289245212 0.5014927072491757 0.01138890120531298 0.019291200583534215
203 2030 0.33669497551157146 0 0 0.2821019638022887 0.30069744063977255 0.007184087186516232 0.021539773474921177 0.35934548210975814 0.419221719013097 0.009832072069966072 0.0159589107432607
204 2040 0.30277852962400026 0 0 0.25367713274556875 0.2696676763352456 0.00632255434503744 0.018378771756352795 0.30710068670492074 0.3629263016420939 0.008653019039473357 0.013955242783963581
205 2050 0.28316257828691577 0 0 0.2353214387859051 0.2527688939956623 0.005874649777049569 0.01665483576881406 0.2806500238840315 0.321158078702198 0.007765611746757227 0.012789576567829985
206 2060 0.26947508615259447 0 0 0.21975100909517808 0.23042182209010292 0.005479182281484048 0.015271778530010346 0.26332879649215235 0.30311727954506273 0.007330180630991526 0.01226018412232551
207 2070 0.23170789250234589 0 0 0.18585289182474268 0.19210560379933084 0.004727434626537816 0.012661361514936381 0.2263817119389667 0.24730933014168346 0.0062141652372593595 0.010216053287369294
208 2080 0.20664050856189442 0 0 0.16335243535089475 0.17067219302974806 0.004105557252695837 0.010873768234065499 0.20132985236336073 0.21177231310403805 0.0055183687150165694 0.00910579496904473
209 2090 0.19793379651430112 0 0 0.15614045921410727 0.1614363125427043 0.0040925336456273725 0.01046269030270114 0.19261607022328803 0.19537834818348443 0.005344485411261786 0.008794931535375632
210 2100 0.204820858802041 0 0 0.17378663369291247 0.16397487479014772 0.004302325157165479 0.01076811709986778 0.19221058605163496 0.18277507950819047 0.005551290615127699 0.009042540521112212
211 2110 0.19311086522122223 0 0 0.1624108937175232 0.1514488898333338 0.003943704421618295 0.01006202244476382 0.17454914496268786 0.16152475684930054 0.005198899411457584 0.008332701074929172
212 2120 0.17528635556816044 0 0 0.14712551470302793 0.13732586199994543 0.0034765496073566444 0.008954779301651084 0.15469337741078182 0.13656816305005828 0.004708971244371038 0.007717578887155499
213 2130 0.15564805467859621 0 0 0.1314778518519949 0.12420776754728617 0.0029355218529497746 0.007923877898464299 0.1333852717229963 0.11976862491587857 0.0041503732233082275 0.006746245357417635
214 2140 0.15070016226692953 0 0 0.12775693259846269 0.1209287820550511 0.0027780625842818087 0.008081688250499671 0.12519738052625998 0.11332124281577378 0.003963772402736715 0.006274193719538647
215 2150 0.14912582682593895 0 0 0.11868106225320406 0.11572577490372131 0.0027405431210337982 0.00832566551066929 0.12346684577147905 0.10901933328679712 0.003897349634943594 0.006005039962546408
216 2160 0.1369375161762597 0 0 0.11243590225681863 0.10503569079711299 0.00250513990626664 0.007470543282622052 0.11209585843740891 0.09657112646485198 0.0035539901014348474 0.005322839556560305
217 2170 0.1281629256932344 0 0 0.10407775121641673 0.09670887681279548 0.0022991059473597927 0.00714960744203049 0.1015919314168555 0.08638135990693051 0.0032939640796692776 0.004982762787334684
218 2180 0.11127018611313827 0 0 0.09088461281202148 0.08145249826270287 0.0020274991203157867 0.006231193396639268 0.08730835638675884 0.07235316227062272 0.002701637325209861 0.004041846342374501
219 2190 0.0942278083284741 0 0 0.07595773088284703 0.06740648751702495 0.0016982388142857666 0.00517337392225367 0.0737956624757866 0.05951986358267579 0.0022153178325392347 0.0033353496398555852
220 2200 0.08483979919696526 0 0 0.06758574840028615 0.06044719786699275 0.001477933337588188 0.004669011697961547 0.06596052687065526 0.05223734013828058 0.0020497902025084073 0.0029199303358224907
221 2210 0.07430511351763301 0 0 0.05814347860195484 0.05266038478298346 0.0012729481785570297 0.003979991058906562 0.05703451491982012 0.043939848563721504 0.0017448541038547374 0.0025208002969191214
222 2220 0.06497928830560576 0 0 0.049129358282473515 0.0460056663680643 0.001112824650922477 0.003359097936173086 0.04761499519272645 0.0375228491413083 0.0014851691242085715 0.0021360315660216953
223 2230 0.05682943156625768 0 0 0.04243737091403187 0.03992199007509977 0.0009809140318896349 0.002921374653093496 0.0398397436766177 0.032432679639156935 0.0013117063432751801 0.0018505289102080072
224 2240 0.04936807182464219 0 0 0.03461294293967338 0.03575188945130606 0.000843161619831897 0.002496658387054878 0.03232073156075002 0.027374308345833456 0.0011245997068890983 0.001578634704296621
225 2250 0.0484351765612049 0 0 0.03373112977427544 0.03495132036655453 0.0008038929653020444 0.0024199564109505475 0.030923061619778147 0.02553638362626792 0.0011305338136271736 0.0015465081496397208
226 2260 0.04775350544427746 0 0 0.032637031484557495 0.03443552485982482 0.0007603379762463239 0.0023427979096772326 0.02979542746528995 0.02499840444641871 0.001109138866299022 0.001515624984469209
227 2270 0.04725419707646271 0 0 0.03102521151094667 0.03322464841329295 0.0007504772148955788 0.0023557341786496363 0.028931294544765142 0.023516438480400262 0.0011146880302089614 0.0015253571819428444
228 2280 0.04929665872483425 0 0 0.03215032631367031 0.033153531607431945 0.0007653713327363666 0.0024872790379296774 0.029026167303902364 0.02379626017339114 0.0011711279204547635 0.0016615164135943782
229 2290 0.04373036616251103 0 0 0.028333071815659208 0.029629669883298255 0.0006796320100606514 0.002204145270075604 0.02524284194040069 0.020137746812021958 0.0010388655119655497 0.0014556137577815254
230 2300 0.03785810372327796 0 0 0.024033114079367198 0.025236904789376995 0.0005877423753904155 0.0018579514313462671 0.021851843863345485 0.016319059567883938 0.0008675744304593449 0.0012470903448252588
231 2310 0.03599922722574927 0 0 0.0234118466327939 0.023241074394416767 0.0005625027982183201 0.001770795494650683 0.02080721636056443 0.014672432154470815 0.0008106312512706363 0.0011861262249615449
232 2320 0.03166157693426583 0 0 0.0204516363116092 0.020067677955130564 0.0004911639918151482 0.0015814863261502173 0.018574932126132277 0.012378295761677968 0.0007049580691726673 0.0009570226424867386
233 2330 0.03187337440698067 0 0 0.02031152408057765 0.019974617852806156 0.0004915845619264843 0.0016331037436487495 0.01772030720593317 0.012670586365578034 0.0006886988123258913 0.0009618496596011205
234 2340 0.030221032710775805 0 0 0.018828588907759437 0.018990620906023534 0.0004608332803585097 0.001529907570793034 0.016957389252278167 0.011504196105092231 0.0006461055713099487 0.0009430777825454776
235 2350 0.028152725691751916 0 0 0.01769020478352758 0.01661502079465135 0.000422725800897682 0.001444680898066592 0.01551211999606105 0.010375733433958508 0.0006082067452564831 0.0008749698746902687
236 2360 0.02600921020858474 0 0 0.016310361306764394 0.015110657812302879 0.0003820855400849958 0.0012897890295897531 0.01453852078375542 0.008882139826131239 0.0005723372858215398 0.0008052961376195548
237 2370 0.02576936474997559 0 0 0.015607171354640324 0.014230443538888839 0.00039031287367337076 0.001291218461169761 0.014385287676493662 0.00841021122759889 0.0005711302205883 0.0007967909684366982
238 2380 0.02426884542759907 0 0 0.014335863610293218 0.013952704212820962 0.0003710012807990919 0.0011898564584670633 0.012995025678186332 0.0076854428622475926 0.0005374485690517736 0.0007282032293796012
239 2390 0.022106627590057087 0 0 0.012549546582658168 0.012698045972036392 0.000332949673734454 0.0010807464473419864 0.011750110255890605 0.006454845736170211 0.0004815862322676827 0.0006509901197194765
240 2400 0.02254886231528059 0 0 0.012636835070691856 0.0130399011643836 0.00034302170882021844 0.0010656145637388617 0.011672929696834266 0.006505120103505274 0.0004886590774999843 0.0006403356256425252
241 2410 0.02243388811955708 0 0 0.012433601066165097 0.013013833521578066 0.0003548166948521048 0.001109863278305235 0.011424322688327417 0.006474104390198762 0.00047603536397409677 0.0006112213806510696
242 2420 0.022563986256566894 0 0 0.012170041413256607 0.013061061180965719 0.0003786340667773387 0.0011407351395368284 0.0116063049428797 0.006417891564235576 0.0004753288768591784 0.0005865969185636793
243 2430 0.019674582521670644 0 0 0.010456838682422755 0.011180771673208752 0.0003282655197961856 0.0009670370458722038 0.010180820680522831 0.005343950393198666 0.0004180246780988419 0.0004943212391789017
244 2440 0.019874150209748923 0 0 0.010963149232319728 0.011156576441288497 0.00032801906177363843 0.0009720286736723357 0.009778247211482436 0.005546501780513148 0.000423778656287545 0.0004953564323665524
245 2450 0.01836183418938383 0 0 0.009837542469151849 0.010138202438018436 0.000294239134868487 0.00088220517396814 0.00880861730174748 0.005133510793401731 0.00038471167752034667 0.00044395398053219995
246 2460 0.017430318463505016 0 0 0.009499097300823264 0.00967883722228909 0.0002793019668875909 0.0008204423022388102 0.007874843938242322 0.004809831100271122 0.00036737054668735945 0.00040586745088694586
247 2470 0.016420005101209223 0 0 0.008910480358332574 0.008878221134227454 0.000265292440779961 0.0007543808596252907 0.00724812998377045 0.004442006872628151 0.0003429726101507761 0.0003641844623413191
248 2480 0.01529945463483942 0 0 0.008207577527421637 0.008191114600122113 0.000245291591907333 0.0006978501221310653 0.006743548986126176 0.004087463384969604 0.00030508872183482034 0.00032512890132523016
249 2490 0.014754249176364717 0 0 0.008012748920297144 0.007933688083526267 0.00023820814678674252 0.0006556548552015842 0.006421456002856508 0.0038935858816139366 0.00029243727305991744 0.0003100105378199235
250 2500 0.013139165522387204 0 0 0.007098044605615995 0.006791058715944012 0.00020843737021470217 0.0005932999406095654 0.005519421575363989 0.0033889059215527705 0.00025146856906223264 0.0002758165892299723
251 2510 0.01246616836431531 0 0 0.006705379895758655 0.006636450473019301 0.00019359733565200792 0.0005697798270664513 0.00524288901104126 0.0032455901635899094 0.00022434876628254642 0.0002595180412169829
252 2520 0.011544556458735809 0 0 0.006004766757634231 0.006137749253386073 0.00018156974149667897 0.0005156846838877232 0.004764359864195682 0.0029602246761628427 0.00020730965118967833 0.00023634475697876045
253 2530 0.010646351460463012 0 0 0.005535905481935768 0.005591780533318259 0.00016655472703005066 0.00047742627056695635 0.004372646798398541 0.0027542014742348397 0.00018190700462046488 0.00021078112582562173
254 2540 0.010754723742155163 0 0 0.005476358786433936 0.005786464720931317 0.00016517759249365225 0.000488640386150262 0.004173794535273282 0.0027290728398270026 0.00017560006933266156 0.00021317482266316662
255 2550 0.010216799177413784 0 0 0.00501162516826635 0.005452268898539918 0.00015520013099515792 0.0004650407571717252 0.0037253018448497664 0.0024934598958255938 0.00016246209286684506 0.00020024302929288635
256 2560 0.009768276521795807 0 0 0.0048968278833861414 0.0053068547313137775 0.0001498900155227197 0.0004400215520867722 0.003568921032987431 0.0023276611889960935 0.00015423985875323595 0.00017944725503129586
257 2570 0.008669262582151824 0 0 0.0043378639267661005 0.00470525916685478 0.00013105531032970455 0.0003839693348883634 0.0028979173374242243 0.002028735474228748 0.00013314290785481725 0.00015529540845087085
258 2580 0.008071062981653583 0 0 0.003927693890917678 0.004353199273983278 0.0001233414002655069 0.0003548868493070508 0.002689844768818509 0.0018277625409772711 0.00011770462485811575 0.00014149396520484045
259 2590 0.0073809537012464515 0 0 0.003647472066701749 0.003977966682241462 0.00010966726388892355 0.000317506673127846 0.002455918552401855 0.0015992206188146219 0.00010156484873711618 0.0001285083098387088
260 2600 0.0066482531905438765 0 0 0.0033146985277158554 0.0035703308467734864 9.356039664947422e-05 0.000284390143492632 0.0022476306321574254 0.001407637247319693 8.6105586885243e-05 0.000117333960006017
261 2610 0.00598641412112684 0 0 0.0029560871604593216 0.0031498649554746235 8.030670598437223e-05 0.0002550483351318891 0.002002353968142484 0.0012442285065335337 7.599763555729893e-05 0.0001027497271310469
262 2620 0.00569304933470354 0 0 0.002823487404713633 0.0030250491245724133 7.695661106716627e-05 0.0002394494993735475 0.0018751108109126878 0.0011798779252132 7.441823435216097e-05 9.238996515786983e-05
263 2630 0.005570364863892505 0 0 0.0026982978286831686 0.0029847508635562677 7.32301911711105e-05 0.0002381625960694205 0.001756326272984839 0.0011457693336037146 7.110150505697284e-05 8.768227926384963e-05
264 2640 0.005186629767493564 0 0 0.002456389150684592 0.002808117411529376 6.649458015534971e-05 0.00022157110712261983 0.0016239909132979781 0.0010225870563373874 6.772642538958937e-05 7.968538108438645e-05
265 2650 0.0049126013451763545 0 0 0.0023062762133342985 0.002634073752717954 6.383836278972854e-05 0.00020691662395548962 0.0015071906681884807 0.0009075576495000307 6.32284458146202e-05 7.553962119698282e-05
266 2660 0.00486826138161356 0 0 0.0023063116238849313 0.0025008114099786235 6.545511020895305e-05 0.00019893438992730852 0.0014712899880743797 0.0008729053828250112 6.127482247272726e-05 7.39236251660012e-05
267 2670 0.004978946869579743 0 0 0.0023167318457953993 0.00249414008537156 6.844321151966228e-05 0.00020303847444658258 0.0015311159449378868 0.0008523366846743098 6.313689919592082e-05 7.76522018038134e-05
268 2680 0.004653701418255369 0 0 0.002039492486501221 0.0022948040254899987 6.515542246994852e-05 0.0001837453433422946 0.0013939625676374124 0.0007879897095964967 5.768315633138725e-05 7.086416659675384e-05
269 2690 0.004395495440784061 0 0 0.0018866445807219734 0.0021100695616305303 6.222388115200554e-05 0.00016694595409185088 0.00126474208559473 0.000739008478283674 5.419451940133114e-05 6.481090461955597e-05
270 2700 0.003922952474936885 0 0 0.0016552845736793214 0.0018661031621489757 5.38306552608397e-05 0.00014749929887791855 0.0011160143812766834 0.0006530400323609666 4.709747980718007e-05 5.7110613725553336e-05
271 2710 0.003587425283779211 0 0 0.001445284815251212 0.0016738596380074687 4.9426984221229755e-05 0.00013383387314121423 0.0009961561003975794 0.0006123492960570611 4.348888748741351e-05 5.019906229548555e-05
272 2720 0.003198746630629328 0 0 0.0012686061920615466 0.0014581450093746077 4.1722548597715925e-05 0.00011928909221636894 0.0008701838897648074 0.0005003075733795833 3.778292834029969e-05 4.454717624462843e-05
273 2730 0.003045707957977739 0 0 0.0012137045495635222 0.001319626780376723 3.899738852421577e-05 0.00011043523531533343 0.0007968967860989889 0.00046936902319686297 3.5919500182423494e-05 4.146773535845883e-05
274 2740 0.0030316092197904855 0 0 0.0011340326369738596 0.0013107053565240407 3.8873821250202085e-05 0.00011159796104716303 0.0007651282586106224 0.0004619586868144023 3.739684186957848e-05 4.0333373168627565e-05
275 2750 0.0027244621676836456 0 0 0.0009984857073763696 0.0011450818955974073 3.479582256192304e-05 9.810752277568877e-05 0.0006873432103795434 0.00039416304973768126 3.2873394289442007e-05 3.609854946683774e-05
276 2760 0.0026470243352965054 0 0 0.0009745406564751184 0.0011019208811350878 3.342631351766741e-05 9.154732354503624e-05 0.0006709685026654035 0.00037457491052325214 3.214286009580612e-05 3.5045623983748746e-05
277 2770 0.0024670945913902783 0 0 0.0009098613469590846 0.001036284758433992 3.0272728001081403e-05 8.41113374402185e-05 0.0006261987233399797 0.00034126762373793546 2.9655033533989818e-05 3.247211881900426e-05
278 2780 0.0023107916257082395 0 0 0.0008421046349640216 0.0009667229336036125 2.7026126520302852e-05 8.079972689008409e-05 0.000563000321093372 0.0003174934306270142 2.6726073485256886e-05 2.9847263011193005e-05
279 2790 0.0023075505938896824 0 0 0.000831129414051393 0.0009321921615047416 2.681124182928605e-05 7.854447940045645e-05 0.0005552150995582969 0.00031562762272466086 2.6104285782111232e-05 2.9364394193436507e-05
280 2800 0.0022427588885555916 0 0 0.000810207395140407 0.0009029520259385104 2.5789833935955854e-05 7.606842292522052e-05 0.000521767720910181 0.00031212435797205884 2.5574929411072588e-05 2.751579206991263e-05
281 2810 0.0020822536670991195 0 0 0.0007302551529859925 0.0008408756410958314 2.441474906363704e-05 6.712553131706785e-05 0.00047383642212262824 0.00028858450002801263 2.352662657474553e-05 2.5314428753000594e-05
282 2820 0.002060482776247954 0 0 0.0006968641832187893 0.000830135985222305 2.414853018619148e-05 6.491260917272185e-05 0.0004579729669494669 0.0002813714055872543 2.3251813338819473e-05 2.4743957610541438e-05
283 2830 0.0017856711973364232 0 0 0.0005958823495918687 0.0007151560266361515 2.0415596196446867e-05 5.769016137280354e-05 0.0003957937610788356 0.0002424491691197842 2.020455900328504e-05 2.0398481212103778e-05
284 2840 0.001718387657033997 0 0 0.0005793001478122065 0.0006436941993081652 1.9474410297844423e-05 5.3664768334867836e-05 0.0003784113720432471 0.00022878761444510804 1.9161055975074895e-05 1.923608933862898e-05
285 2850 0.001698585643257682 0 0 0.000578284959534193 0.000640396158488554 2.0459154294716172e-05 5.2280119143266183e-05 0.0003794580183095802 0.00020590017097401524 1.897532588755625e-05 1.8653822087388224e-05
286 2860 0.0016576306699304585 0 0 0.0005590050265237546 0.0006270169534548807 2.002235722154318e-05 5.009071381548096e-05 0.00036454889893668395 0.00018876069007377205 1.871274215736176e-05 1.883580899123663e-05
287 2870 0.001531915873715882 0 0 0.0004946826208886732 0.0005731728755211243 1.838007618195564e-05 4.689144844078594e-05 0.00034086333584133495 0.00017457852147801154 1.7249415952229735e-05 1.7323177975867256e-05
288 2880 0.0014683282123299998 0 0 0.0004732945667996683 0.0005514623257603411 1.7154969521422026e-05 4.4762345574487276e-05 0.0003165268863460788 0.00016288306937050812 1.6052613585290752e-05 1.650485089561473e-05
289 2890 0.0012483180233768929 0 0 0.0003962229140152592 0.00044387075954228943 1.4286828095276914e-05 3.788029561201792e-05 0.00026709711851438775 0.000138113393063822 1.3636910304815535e-05 1.310869717558724e-05
290 2900 0.0010923648661156132 0 0 0.0003385044269154354 0.0003627718641952836 1.2082345382582728e-05 3.189672924170774e-05 0.00023219105543681017 0.0001205605384125056 1.1950437392666591e-05 1.1775163515979953e-05
291 2910 0.0010203647404904348 0 0 0.0003154273916491465 0.00032865801501223626 1.1294635106454385e-05 3.003963350493315e-05 0.00020542371230244553 0.00011163090288385041 1.1203359453310512e-05 1.1000114529153447e-05
292 2920 0.000883043018119208 0 0 0.00026926908871396265 0.00027147450610729795 9.267285899032052e-06 2.4915900972031527e-05 0.00017478097373573617 9.852486729816674e-05 9.526281046907516e-06 9.381690252158047e-06
293 2930 0.0007679427672163823 0 0 0.00023194508895151293 0.00022846650944333564 7.839266999413302e-06 2.165543860290889e-05 0.00015023060124108047 8.562386681930533e-05 8.127169175932361e-06 8.06779804870751e-06
294 2940 0.0006968692769034488 0 0 0.00020685266013877108 0.000196665022189016 6.887650248420595e-06 1.9584601869686567e-05 0.00013848078699106516 7.583049273217769e-05 7.316884596597968e-06 7.062459498816867e-06
295 2950 0.0006473245705733875 0 0 0.00019408866670737906 0.00018028802059671017 6.516587005721818e-06 1.794133434971367e-05 0.00012257853737466723 7.042078226590389e-05 6.641754628058561e-06 6.409817050663236e-06
