% # columns="iteration, evaluation, void, void, void, xmean", seed=839194, Tue Mar 31 23:02:48 2020, <python>{}</python> # scaling_of_variables: 1, typical_x: 0
1 10 0 0 0 -0.12100078026237798 20.194717565636456 0.1183396181526206 0.44176154738774626 0.9649469889069563 19.897033114126383 -0.30692846720716926 0.4191786734155372
2 20 0 0 0 -0.4883383585724961 19.53761558486691 0.08056620898218467 0.2564340746952275 0.7760287685899254 19.817277925055613 -0.3222077699700824 0.5605267858899465
3 30 0 0 0 -0.3703848795700249 19.61547731383325 -0.019059603263447744 -0.0005638818463211681 0.942296210062218 19.937347055507303 -0.2053083840968612 -0.03985008486222641
4 40 0 0 0 -0.4476501658247934 19.63626678834864 -0.0069606233228337415 0.061437707482342674 1.07711662278969 19.931619029417234 -0.19267279231206455 -0.11231489179542485
5 50 0 0 0 -0.6326693237657629 19.984536931134482 -0.025407542241623074 -0.06816328796667659 1.1815403647733056 19.60885852804048 -0.25793169299278773 0.13284943668381888
6 60 0 0 0 -0.4637096046089869 19.896094412278376 0.04733246086049005 -0.29556655665726966 1.028221826444724 19.442372182013358 -0.35441747472220936 0.205873302796646
7 70 0 0 0 -0.5195436032539478 19.835202224016435 -0.1573787838649841 -0.07324340412290409 1.3566439002090427 19.326169133964985 -0.2623403884067923 0.18980616059952476
8 80 0 0 0 -0.7730471632977927 19.901277717140427 -0.045549153565901626 0.06431062670447624 1.6262517285920877 19.599546174297547 -0.31235273898710825 0.15999517274418745
9 90 0 0 0 -0.8423943355762734 19.822766775979957 0.030724970772736074 0.09685155711549955 1.5814695083572847 19.790813639775198 -0.0871481754928779 -0.1395960887686108
10 100 0 0 0 -0.7944849505474804 19.761083810272613 -0.03811726497157468 0.3200153345887003 1.2690150507386904 19.80016419750434 -0.07524993886492402 0.17179993588036852
11 110 0 0 0 -0.577278716156641 19.687553571958933 -0.1275921434287131 0.13947593201884098 1.2487989580726464 19.827026296606878 -0.03678653727742041 0.07724357589910713
12 120 0 0 0 -0.5358293773079855 19.62293158761732 -0.019942486602992776 -0.0035500646614285147 1.3497997054731614 19.75832353775384 0.0719557447285348 0.1300730188863654
13 130 0 0 0 -0.635932621381721 19.687340849369 0.10169119660410905 0.060344295343902815 1.4781167106940496 19.83028681635838 0.12548986629101241 -0.17518262169342452
14 140 0 0 0 -0.6831229800777531 19.765273115437424 -0.022702831246308924 -0.014287582200076615 1.568447929533033 19.926186302833827 0.1624193440784338 -0.09207034861733557
15 150 0 0 0 -0.5218961570560352 19.73075713821204 0.02085751155495809 -0.10741795020212523 1.5574809861488956 19.80865688132663 0.21858697788346912 -0.3249512229995907
16 160 0 0 0 -0.35800156913233006 19.69864197119539 -0.056938311963415825 -0.1646769944817915 1.4155361866970675 19.802760984678187 0.20620439205916058 -0.3405894673188608
17 170 0 0 0 -0.45420038411677266 19.761291427494832 0.029468706933330036 -0.11430830816752091 1.3424785332657037 19.736360308012305 0.2250777270369065 -0.44544040899671655
18 180 0 0 0 -0.41421111671871563 19.775185135151705 -0.08077162187651456 -0.20529340756419626 1.1786587366887809 19.817894668302312 0.2541675272807446 -0.42608073199056534
19 190 0 0 0 -0.5475204516974226 19.75957359512047 -0.03777138851959209 -0.15945154350328558 1.1958195094689137 20.025606797198606 0.2931942283398926 -0.41591700937822146
20 200 0 0 0 -0.5167586562860171 19.632107016353185 -0.09760345583989169 -0.144698768564258 0.9654644592500136 19.836258724347022 0.329988908677012 -0.4533513954343411
21 210 0 0 0 -0.47612015744186403 19.402263563290003 -0.09222705430427691 -0.02308441079865256 0.9907987429718985 19.892215498732337 0.2871179553513313 -0.31831779694577306
22 220 0 0 0 -0.4772047675255879 19.4153032970245 -0.1309666016793722 -0.1730629589765908 1.0722218870596705 19.84109663019182 0.2652418459739855 -0.4017500894576788
23 230 0 0 0 -0.3483662248732834 19.43336681011852 -0.1228028014298531 -0.15071702353290115 1.2075127936050607 19.781331077908018 0.344739900617882 -0.4242004003542885
24 240 0 0 0 -0.48136623268043516 19.49601377835925 -0.05602489688827951 -0.1964481315222017 1.2478985502895683 19.61874465815299 0.31812283165731503 -0.4066553257737353
25 250 0 0 0 -0.49948149828574767 19.52326929443252 -0.09477351431044284 -0.19510535722699787 1.2228530650880127 19.660071486059607 0.3110858501919053 -0.3835497547361318
26 260 0 0 0 -0.36316317277586574 19.57976192435352 -0.13538908919128229 -0.1877483442362891 1.194539854571837 19.61116946454192 0.2781092850064079 -0.3765942115314073
27 270 0 0 0 -0.404663617392993 19.607243971460655 -0.10725454023116092 -0.028346590268061356 1.1750608385852934 19.61746215890044 0.2747749117595079 -0.4293496585692571
28 280 0 0 0 -0.5062486103968248 19.71947648453736 -0.08211975514346337 -0.043206023792015824 1.2028124539520382 19.569967899867844 0.27569063631583673 -0.4379949814803412
29 290 0 0 0 -0.6611955411317548 19.764315464876425 -0.012195885913196647 -0.10411568958532606 1.3340557312980534 19.555521280976674 0.28447136301031156 -0.4392239808480666
30 300 0 0 0 -0.7404123486787979 19.67755334267965 -0.0504092836303152 -0.11715493741389747 1.3456352023188625 19.6760077779665 0.34815031910590893 -0.47589903066369116
31 310 0 0 0 -0.7869697998251235 19.631050417728215 -0.06922728703377674 -0.01790819616907363 1.2533285744850438 19.61374255328664 0.29991929058687017 -0.4025246943161104
32 320 0 0 0 -0.8291349403147461 19.648818039323444 -0.049928909841024695 0.04096819642499187 1.2352588051177853 19.689283369379346 0.30287559712142365 -0.39879305734304105
33 330 0 0 0 -0.8605793166573605 19.559689172623322 -0.05090160654341308 0.021430677321060833 1.2938442983276996 19.753499691465862 0.30076544812107603 -0.43409753728784506
34 340 0 0 0 -1.0397248972163418 19.671867884030267 -0.028645311625137334 0.009916961553615447 1.3232118005660203 19.90410593125526 0.30248125890417377 -0.4049015045464059
35 350 0 0 0 -0.9104361882591849 19.646378607490075 -0.02544535358802283 -0.07974672490494746 1.3933976610009635 19.74986225215368 0.31564455581714723 -0.4063141412319001
36 360 0 0 0 -1.073502569585636 19.66376307525494 -0.02433026404425264 -0.07919714389791399 1.4168204772288255 19.81170160424729 0.3004203785075629 -0.3910260182020923
37 370 0 0 0 -1.242045923570775 19.671627505875605 0.00925591915294774 -0.042105546027222676 1.497379669717033 19.8710084941806 0.2805276533367696 -0.3869976432962063
38 380 0 0 0 -1.1829122756839718 19.714373098422215 0.048888733405298604 -0.071153093941943 1.508382882780535 19.75394273839043 0.27596338040641794 -0.3702218744814406
39 390 0 0 0 -1.0844551970719192 19.708943059371524 -0.001066691682433285 -0.11515649305860738 1.4383612879925143 19.69629025275847 0.29489203121555896 -0.3777364736226054
40 400 0 0 0 -1.1137093247181646 19.77780550513426 0.032901948317967784 -0.137749038316597 1.5170516403622436 19.690678247737026 0.30270592170626087 -0.375913225067925
41 410 0 0 0 -1.0909401110778432 19.76762910834104 0.026504232287818792 -0.16024668172774703 1.4978268719985142 19.59049936790369 0.2876710416121136 -0.3779713540781761
42 420 0 0 0 -1.0957204533811602 19.83605061103884 0.034928600439683856 -0.15636831282748453 1.4821458773192984 19.52877676628936 0.2763159457313947 -0.3787395872304092
43 430 0 0 0 -1.0858406601614377 19.82640092499293 0.024296251277592783 -0.16276139094880154 1.4902653206731606 19.52671016131142 0.29072200870182807 -0.40567192485975956
44 440 0 0 0 -1.1293080404798208 19.800469246483168 0.026086140809989215 -0.17472630598737451 1.47352661347307 19.520258322841286 0.2909224977246986 -0.3894017424441352
45 450 0 0 0 -1.183931388797906 19.840557840523413 0.03413062414896783 -0.1754162855465162 1.5065546327075143 19.46793481737014 0.29650330279608184 -0.39476232843373055
46 460 0 0 0 -1.151031684279373 19.873095957139356 0.021817921004924627 -0.1968727807939956 1.5100829478027598 19.451090454362028 0.3001836596165379 -0.40288631888352167
47 470 0 0 0 -1.1910083227716393 19.859576802899653 0.043979895610384956 -0.17280312122482952 1.5189225136492703 19.382729850344735 0.28021813046899713 -0.4212917746042949
48 480 0 0 0 -1.1333845490792274 19.826781397115838 0.040825823901739236 -0.1582527096875342 1.495881065012954 19.34686019746756 0.2861184996336702 -0.4201210326526756
49 490 0 0 0 -1.0742848637722102 19.818564658832145 0.027992116432050674 -0.16361188007714192 1.480151414839151 19.416388886285297 0.3042152228727907 -0.3971656832568567
50 500 0 0 0 -1.134827602412794 19.827817343271516 0.036071800469731255 -0.17911866092314097 1.5070694861214964 19.435054303460337 0.29555011762984773 -0.40388378954801496
51 510 0 0 0 -1.113408906193093 19.7697970360856 0.02944036139276768 -0.16745690188274157 1.4615552821688942 19.46224947031115 0.30827571107405893 -0.4012320402193495
52 520 0 0 0 -1.128964355250166 19.763735119189356 0.02978926287419189 -0.1876332180223632 1.5098942810383884 19.413062794643515 0.3045361346347827 -0.3780773014837167
53 530 0 0 0 -1.139535353560439 19.752767820529296 0.030308761124396146 -0.16749492167331193 1.5221702769988235 19.415653913516113 0.2991381021181009 -0.4030156687883785
54 540 0 0 0 -1.1915537567741823 19.76240385031574 0.03202439335211773 -0.1666464925789717 1.5596911752756333 19.43559610185143 0.2937707596274333 -0.39989827307770476
55 550 0 0 0 -1.186165303416533 19.759949636835547 0.03140307176813947 -0.1554062402240495 1.556461793967924 19.44020663186234 0.3034936129416761 -0.39411440783696217
56 560 0 0 0 -1.1744882918882131 19.74486839790333 0.033014357502674244 -0.15322566697873596 1.5680205937771103 19.40511115936226 0.2976506266146645 -0.40548329622890666
57 570 0 0 0 -1.137766043729294 19.711029158500995 0.03166689653376678 -0.15546001409410673 1.5521199019397647 19.39751866824776 0.30866899035502227 -0.4034227422044774
58 580 0 0 0 -1.1683619540145216 19.688859033272294 0.026392227325023523 -0.1687232558874507 1.5364099972829548 19.39501481882583 0.30688034501392536 -0.40228135458844294
59 590 0 0 0 -1.1576916425236472 19.66129700137833 0.031418052455421654 -0.1617465083259951 1.5435075102424434 19.360317087471756 0.2981113139748367 -0.3923479713580722
60 600 0 0 0 -1.1933003186611306 19.616054467062064 0.032281544316834436 -0.16214059550621596 1.5577271467905525 19.361905961180064 0.2955106954484233 -0.39257356314425557
61 610 0 0 0 -1.1920426722009552 19.557591048678756 0.036612996896410954 -0.16327334751160022 1.6006812987188697 19.31019417047888 0.29788108934498736 -0.3901733298671448
62 620 0 0 0 -1.2287714584966178 19.523840541634502 0.03662341632627781 -0.16113827923339588 1.6173568222623238 19.34764548213557 0.3046205160894133 -0.39419268841782434
63 630 0 0 0 -1.2309595284101895 19.51485042956172 0.040810620796751934 -0.16303782487588617 1.6093440398760457 19.349649863391544 0.29237370008731955 -0.41705704120716486
64 640 0 0 0 -1.2434673053266347 19.46472307452616 0.03211676731784142 -0.154339886928779 1.5970385708653043 19.2658875885112 0.29524774417692834 -0.42951421618608426
65 650 0 0 0 -1.2219644097096478 19.430131568585406 0.03757953878757414 -0.13876323410910976 1.5743595943503503 19.309213403728076 0.2997595450924452 -0.42451600330665723
66 660 0 0 0 -1.160560554202591 19.41657691731783 0.03040398823981162 -0.1388363798448005 1.547352684502405 19.34460134229262 0.3108152174759861 -0.4275000944034401
67 670 0 0 0 -1.1225590358111135 19.39225419645027 0.027773914054937242 -0.14836809905454248 1.5635629650511114 19.374327034517126 0.3091376150835878 -0.39468146690122347
68 680 0 0 0 -1.1746871756601291 19.332979038581225 0.03123869018453683 -0.15839941324017506 1.6357050390338284 19.35060626670551 0.30879673480789416 -0.3746791648295252
69 690 0 0 0 -1.1978473962625704 19.25301179538588 0.032338217335109914 -0.1688192507143246 1.6768613504264722 19.282961725169987 0.3193815405237708 -0.3787381501278812
70 700 0 0 0 -1.2385262320717645 19.15630700524038 0.032351501827335115 -0.20897698470806408 1.7493034801862235 19.19438511262271 0.3195328255111134 -0.35705533283111823
71 710 0 0 0 -1.3060348391742427 19.1147786841679 0.03346393691966592 -0.19756647616419548 1.7811714304305437 19.324000721741854 0.3242512833229841 -0.36767571120165105
