% # columns="iter, evals, sigma, 0, fitness, xbest" seed=396030, Wed Apr  8 12:09:17 2020, <python>{}</python>
1 10 0.43811542208815857 0 344.7293753680923 6.0211313524527394 20.318739498459795 0.4015087979611268 0.6702364596549433 -1.4620962151136536 5.913088251601056 0.40547433120422394 0.8719663104748747
2 20 0.4353256635168254 0 317.399339032856 5.763933973827619 20.32570325372453 0.0480793040139035 0.9554024079571749 -1.1384826942620327 5.923227966651375 0.32728172107235975 0.39808326812696004
3 30 0.3982252743904178 0 317.53304108437936 6.141906626723573 19.85752803740789 0.004265470791959811 0.3009604096005304 -1.4645990129324966 5.421289451193862 0.23714680235438856 0.6550997282508042
4 40 0.36458239354745536 0 317.9434447885844 6.310913346742373 20.358169865730172 0.038337384128702044 0.983449730464118 -1.3222264674240471 6.0144164512581515 0.10349628058798632 0.5702707873613451
5 50 0.339494759587771 0 314.68085241801026 5.925600722176303 19.919786115845188 0.15807639851789962 0.9979925924321664 -1.3089560555580546 5.875189980816158 0.23593545485425899 0.604245388953917
6 60 0.29553302736011133 0 316.45095930309617 6.307849599728802 20.244854817989268 0.19010071993635713 0.9967576010257553 -1.4459828142728477 4.965348281279862 0.16885600476594537 0.7483076677663668
7 70 0.2674974837887083 0 313.6799358581825 5.625152424412997 20.318563592785395 0.08910197301312625 0.9358972516535833 -1.4071711779329177 5.640923992284357 0.1151870899645307 0.7992192038364241
8 80 0.2514542173114862 0 314.81247272652513 5.861543353831611 20.031590962469163 0.15409575829666233 0.7619345710729143 -1.562503043242021 5.445433435279327 0.22184758566171658 0.8122186369911013
9 90 0.2541095808887248 0 312.71922315855403 5.914532525918418 19.976392261453096 0.09155320102333903 0.9761202287571965 -1.484142435663308 6.003618838124894 0.13403733136732054 0.808466711062618
10 100 0.24565372098233948 0 313.3180117332291 5.865610903768333 20.361854721188067 0.08120586794500398 0.8612414568946718 -1.7455293063841686 5.783229510906459 0.17897689170465295 0.9407068022013679
11 110 0.24318751087745075 0 314.05621050580424 6.0550188293538145 20.15329635219827 0.021977697102161214 0.9324679521811438 -1.7033777432729091 5.905842891200996 0.28202921203870557 0.9034985505790079
12 120 0.22267574927932385 0 314.5317891585928 5.660970200521931 20.249202565258326 0.029667150252739912 0.8951713221153718 -1.3864327689474125 5.9923382829638925 0.24074086940271744 0.9813886581897201
13 130 0.2056187461967349 0 312.2152874117876 5.8115607647858205 20.330060120800315 0.020019433300170208 0.7288851365946782 -1.6509675781312296 6.049851156622323 0.1933731450829439 0.9126932650258632
14 140 0.21734944871495498 0 311.5297346083878 5.768890103849224 20.70500488115634 0.028785023435484523 0.7809088823896783 -1.652143937524263 6.121177181531997 0.24985824505121657 0.7909868045170836
15 150 0.19578152722055508 0 319.0330679646163 5.860681610020385 20.52541444369653 0.006972040153703447 0.6402285477243184 -1.4694212856572515 6.047838380075349 0.0791473405789648 0.889381771632219
16 160 0.18113058811137822 0 314.2198653451652 5.734008118865545 20.43233219191222 0.10261134649208875 0.7383614877228296 -1.351263508399454 6.131678895171123 0.15855654754219126 0.9804827549632683
17 170 0.16229486094365805 0 312.6326753185865 5.735714759628225 20.580699203031198 0.004489458994376082 0.8336858946347323 -1.1240304260351168 6.186890808180269 0.1918955034081885 0.9526842080151119
18 180 0.15807511592080192 0 312.71459339104405 5.599191816174671 20.397949780463062 0.036988089734689984 0.6229569247363289 -1.4423872012436565 6.3783093510505395 0.17088766555427282 0.9633046026683414
19 190 0.15252902752757794 0 312.40257498825304 5.585968506180252 20.415844342064297 0.029188799401284316 0.6033848287280696 -1.2168177802479445 6.350035141225561 0.24929778061761879 0.8844943539324638
20 200 0.1593767677275603 0 311.3990985819016 5.438135917023495 20.79052668088661 0.020753669415299346 0.7557149079362461 -1.5807742231517115 6.1445278934179965 0.16153824297248293 0.8126371391018072
21 210 0.15958122973011593 0 311.26595753244703 5.66376283200832 20.2426966282782 0.04682646286748485 0.9004346535315323 -1.2980936639580614 6.261702581820978 0.16438378467976977 0.7485691723918761
22 220 0.1635331409000083 0 311.1372129857823 5.599676850992217 20.18495038072365 0.026310316786302246 0.8765094726199926 -1.1003548419253206 6.267280646942595 0.2773669519679422 0.7567882798574964
23 230 0.162479375698894 0 310.962233524202 5.406502425266156 20.440366458038596 0.0038898369472104154 0.7779536137838092 -1.1467012470970959 6.096470011869797 0.2651747216115087 0.7346630817105686
24 240 0.156890008699436 0 311.3466092857751 5.612397744495772 20.512485710695287 0.027519718787914465 0.9616951955703741 -1.0668303029053212 6.214467475592467 0.16741548150574487 0.8081473213985374
25 250 0.15421043567666878 0 310.49677630497865 5.437843723278526 20.36301117401372 0.01807580689700487 0.9196498006025731 -0.9654926060531122 6.141076885303902 0.2435757529787742 0.7140543488370117
26 260 0.1550453788366512 0 310.98962449240844 5.377497207917877 20.286227356667226 0.00824759179379463 0.9268405935984015 -0.783361700640826 5.949514086080224 0.2926844186035342 0.7272698237678934
27 270 0.13468878987646205 0 310.87348246222393 5.473911077747555 20.172859482460805 0.014164650285649455 0.8569004157703906 -0.9216919822669812 6.096278198943736 0.2233892379360872 0.703508778318921
28 280 0.13633646216730472 0 310.45135014984476 5.4379061000129125 20.107595556381863 0.01463695435215954 0.9695889840015289 -1.05392013629849 6.299528147325715 0.20736367614201656 0.7062972459728847
29 290 0.13326168509942826 0 310.1082278479366 5.290654904029171 20.12388385805179 0.02875869729971039 0.8827366729155344 -0.9647627087342507 6.228911162847027 0.21329730360224436 0.7368037589310388
30 300 0.1345916045839759 0 310.5521135394548 5.368031106914351 19.987918006372084 0.0014559448183871792 0.8659951762831075 -0.8875061212953281 6.011227211292982 0.2590314088519705 0.7322458326225476
31 310 0.13750409796670784 0 310.54902731844425 5.391234353370309 19.78906649779065 0.0016965147057290567 0.9697503199613409 -0.9402578858645445 6.230880498541601 0.24899158084238474 0.662410810765165
32 320 0.13800826089560037 0 310.414151412181 5.321030645997607 19.844207024129506 0.03684307284376088 0.987706936272703 -0.7155943700446291 5.994146278260221 0.20243455658845422 0.7062517436031037
33 330 0.1291721421692161 0 310.72571675028036 5.252856815624095 19.82719904969146 0.01764192445920402 0.9543765339532878 -0.7119880921131105 5.916240623391754 0.19256695480968972 0.7056093360807402
34 340 0.13173323646784177 0 310.1817520659292 5.128561767287438 20.00277651797402 0.06913833752489135 0.9590532454791436 -0.8794994646704738 6.066945658508772 0.1836421928699416 0.7438388129551183
35 350 0.14634176978072286 0 309.6586543339158 4.909674809717318 19.919800479801523 0.04439324907338947 0.995328476785304 -0.7147502246261564 6.0069204705328225 0.24670672935430477 0.69778977952835
36 360 0.14953474845764028 0 309.4651678976463 4.959967064175327 19.812876572044075 0.0017118427491113685 0.9458824384420098 -1.0668693260010804 6.01696494853651 0.24340040290960957 0.6991394952560743
37 370 0.15388215279938697 0 310.0205793583691 4.926032745869215 19.773374732714082 0.019275186790564353 0.8629596143704817 -0.8814318297451362 6.003986658967142 0.27148924986219203 0.6709999448034617
38 380 0.155485029666511 0 309.4065581178025 4.645586799498218 19.72238454547356 0.02069664319791599 0.9710118546467074 -0.8338526775831653 6.0927173559281265 0.2896158506127593 0.701428506152893
39 390 0.15498210064181533 0 308.9548152000552 4.6104213021222265 19.508492529182114 0.004360124712588281 0.9227755963589787 -0.6465476207822103 5.82616620966932 0.23310956318441545 0.8025349360397267
40 400 0.1569048895960949 0 308.9698291301304 4.771448620042071 19.426962173864215 0.014981030350499067 0.977346629490916 -0.679287449227272 6.227618791901694 0.24112661757418544 0.7222497798553945
41 410 0.1719701879288389 0 308.39085777500264 4.415200433201628 19.438613954638242 0.00725978649429684 0.9509838111556932 -0.7169990840239293 6.203912891674699 0.2497634310934341 0.6991960901077514
42 420 0.20053826260068178 0 308.3307449045033 3.910036918872572 19.322523310037276 0.03250910762435241 0.8976996810176572 -0.5625956801205474 6.091688149039774 0.19126499854570317 0.6546408305604544
43 430 0.23316904498170213 0 307.18345739053353 3.6547978007622612 19.389734629021593 0.015095231402973457 0.747468651456667 -0.6520497223646587 6.1159868419389225 0.217981768737126 0.777483897887686
44 440 0.25277504198915707 0 306.8452529873736 3.481687331075552 19.790962811432966 0.0022758778559218125 0.8833181591948182 -0.6316240663769171 6.1569725378617 0.20564639049300223 0.8181716244392198
45 450 0.2853162951468952 0 306.43364853099695 2.9780768039146723 19.26339394524951 2.956597093008559e-06 0.6340930019290434 -0.9258926117769943 6.126259538922855 0.2403092031575451 0.7043260086151131
46 460 0.3081721568641018 0 305.2897560986513 2.632070749901117 19.34634324088076 0.025478550531084162 0.8710201521368875 -0.706085908981447 6.387731354589388 0.2269511905838536 0.741494876980113
47 470 0.31942390157962924 0 305.36594142964054 2.6444194872365485 19.009156219202584 0.004217424802520003 0.9595096577862322 -0.6720849817266411 6.403294158832176 0.23963272506997468 0.8015221331326176
48 480 0.29863974080821026 0 305.6534475750547 2.40076037381749 19.421097653666443 0.0066890908127133315 0.9028121374862121 -0.5092520298313413 6.028769326756894 0.2827880392592222 0.6794910226947335
49 490 0.3119221372449263 0 303.04698012741676 0.5183883087757062 18.509260696128184 0.0011752351937275082 0.9812945136782211 -0.18005154980002208 6.308935227697165 0.25725794810461766 0.614628083690574
50 500 0.32126633991837583 0 303.0075416120095 0.9701651336696371 19.043532553528102 0.006432058461172472 0.9296010545795361 -0.17548812237464428 6.460383680818143 0.2264725962017407 0.7737390795948276
51 510 0.3118823409840308 0 303.0588036092667 0.8923718562637145 18.671075901108953 0.023097096174424018 0.9358933042028951 -0.08066563576797575 6.371592950379219 0.20584119765067066 0.7489428107290029
52 520 0.31880201735085034 0 303.01965732932547 -0.03645004666651841 18.50565755308406 0.04836836193147846 0.7874453527748775 -0.0592008872150834 6.895618809667901 0.20300158587988054 0.653076576448568
53 530 0.2900591214001807 0 303.52256735978943 0.6323143093532481 17.984160282581794 0.00021962899501013668 0.9322102295235601 -0.07144548138194831 6.637326274752414 0.17632009002326252 0.6165469355822918
54 540 0.275203431127843 0 303.2255903797766 0.3312492995706837 18.13413250129381 0.06173324406940359 0.8794534760474407 0.010008782382560297 6.19027713645633 0.19908207072864145 0.7579055948418838
55 550 0.23114883015473536 0 303.22838666690967 0.8578737832200478 18.361917042159497 0.006956733870888289 0.9836020203042707 0.11865621741684194 6.2905623464609075 0.20846924982533038 0.811871884241962
56 560 0.19950475699459463 0 302.56448475065827 0.4710543697993742 18.277663320333573 0.018223966374180788 0.9651062069195461 -0.034978121188944375 6.482551387790165 0.22316241011196591 0.7565371642150631
57 570 0.2024577791758389 0 301.583227212515 -0.1146106854066492 18.065837424449654 0.009152009355850683 0.8334341589902526 -0.03328798644417533 6.561480048493344 0.23613045716228656 0.7075855668672825
58 580 0.23470573426421956 0 300.70188577177544 -1.0791439828346436 18.027936271158392 0.020864757253530562 0.6455912402658143 0.37854482945936274 6.688327157988547 0.19072875477912316 0.802121515767588
59 590 0.22883272950374117 0 301.4994736406288 -0.22811751833781346 18.425049868383844 0.012049145712076754 0.8213269307599163 0.054563678591537684 6.562759610335955 0.1981755904839336 0.7480913705230868
60 600 0.2479827261974192 0 299.85490783709844 -1.9209074127471746 17.690702396755505 0.00047528511571329765 0.5218702203524512 0.41755504235717467 6.896056056438829 0.1926977352639707 0.7803014162784552
61 610 0.28817214986166606 0 300.73871838260516 -2.0768468817485743 18.518256146690067 0.02020481042200446 0.6531871752140536 0.1859945635514642 7.266516205044104 0.16709587852896127 0.7022063598743706
62 620 0.3036436520801281 0 300.0455522623034 -2.7446407502047765 18.095712157857744 0.004948845250690658 0.524358947176891 0.519350574888515 7.0610562753610004 0.24670373543988144 0.7512466509238425
63 630 0.313647458346092 0 299.91121233818683 -3.208546231342712 17.887491099896657 0.0023560413610534043 0.4326655765466706 0.5492782347275896 6.913198217127915 0.2522505765851174 0.7637735651503637
64 640 0.3163573473877129 0 299.7135174729027 -2.1540636712055767 18.368564219662446 0.00682293358856305 0.619901520206813 0.08814252663860592 7.550953231506625 0.20579471323484555 0.8468698476318763
65 650 0.32195377669124287 0 299.56820184131516 -2.3692466142192563 18.3109383238817 0.0016877940287169312 0.4042066713527101 -0.47108835022756523 7.759918522669465 0.17486574119800424 0.8836648841784914
66 660 0.3338051228819297 0 299.9266377027391 -3.2672320144421136 18.05822998484563 0.023426567811926726 0.2047377468868232 -0.42315218821050804 7.546722964823496 0.1563363614169655 0.9363745451408376
67 670 0.31434206192639835 0 300.02585945408896 -2.7611732277689716 18.38600852398081 0.004030613746749136 0.370674308689487 -0.3508809685251239 7.897776412515983 0.18058884914808487 0.7103757027152756
68 680 0.32537528342938576 0 299.45560610573375 -4.707340518169139 18.01437181545278 4.2437761726871114e-05 0.09364873598245071 -0.5662873360769607 8.000980938589532 0.15880839405681257 0.8488261147399604
69 690 0.3262668661290247 0 299.8993896243326 -5.186955033306846 18.1656849604537 0.0015835300503678057 0.09179657709336708 -0.6101339537900885 8.094922786746007 0.2155604859875714 0.8764338515677562
70 700 0.31558784195499595 0 299.214059422121 -3.256818024909485 18.061035934550812 0.0023452287416367745 0.6256147528420811 -0.37797248317428433 7.592431961626788 0.1886713604245285 0.79396061579979
71 710 0.2876597697086376 0 299.13647177442556 -3.479414391999492 17.745804848585333 0.00016214303609906334 0.459613170982452 0.016717333573082416 7.216165286466093 0.186016837086342 0.8884232293080062
72 720 0.2643391856681703 0 298.9977741707642 -4.186359650186111 17.551256264563897 0.007628407198450612 0.27299138579601473 -0.377990655973698 7.569973673889062 0.19083107695787765 0.8226582295310189
73 730 0.2512833420359587 0 298.9336989966161 -3.9702908343876153 17.36771506767012 0.00017139344228085267 0.37858415774174076 0.040987042747453295 7.777990888866536 0.1964491528440184 0.7729055801872994
74 740 0.240928969665102 0 299.0626727200056 -3.4261770914937615 17.54717858998535 0.00032396378353548576 0.44885892084817736 -0.3430662629780656 7.576741975463395 0.21321751819127735 0.8214905937431154
75 750 0.24482624891119076 0 298.8783294602337 -3.386893540419611 17.031478148815907 0.003338529383144366 0.47804562892730806 -0.4415032934968567 7.6762892543547485 0.19932923270586458 0.8230450982049029
76 760 0.22885028160989548 0 298.8364435572105 -3.755379184129576 17.365684740199725 0.004973690166524457 0.45967868775690773 0.022026174110599928 7.7483812379522545 0.18111074271378502 0.8018813986808317
77 770 0.22347854933558367 0 298.9501040700431 -3.9214075649494875 17.210446049245977 3.7175406962612395e-05 0.45787036090643124 0.2024834720655672 7.768331873658122 0.18484628121317023 0.7569100226371023
78 780 0.24209147890651356 0 298.6388783162988 -4.31509524372086 16.776803768538468 0.009471504657495597 0.4750521398340453 0.6171144824966073 7.635799684765361 0.19326797093760345 0.837582214605562
79 790 0.24371756163957276 0 298.8153087418257 -4.57033488866682 16.85175895657253 3.924429789982819e-05 0.2668918102650587 0.31425926419174915 7.836082591692379 0.19252267951651014 0.9043805006672399
80 800 0.23219822997765954 0 298.6869687024173 -4.636191814531965 16.782773079546764 0.012407739958167796 0.3383060457441701 -0.12434834420603005 7.8890067542871725 0.18288335879719297 0.8151433882853215
81 810 0.20186762925289034 0 298.66774273384465 -4.4599899044008735 16.89784404967599 0.000559717312304969 0.3855634577469083 0.5047175880527112 7.770714350304787 0.18445881308990472 0.852545453657481
82 820 0.18144467205836293 0 298.6967748332967 -4.698090541765114 16.7089057861415 0.002913724926600737 0.3227051955493393 0.3140101282687695 7.709911534990564 0.18651736816302905 0.8337690008372584
83 830 0.17749432071313415 0 298.81416603828296 -4.910089218728223 16.39143055719591 0.0005169309555826031 0.27017636091098646 0.2742716859152763 7.879607582352783 0.1762669375549983 0.845565658234345
84 840 0.17652561301024816 0 298.6947075999676 -4.86054983182358 16.666496882062674 0.010332226287865617 0.4391823319115256 0.44651116113915157 7.988309590346673 0.18587014105002034 0.8007592341409855
85 850 0.15549235177962653 0 298.6150273317225 -4.796999091427167 16.45818227423737 0.008138122441348547 0.3768749097806611 0.6807146488970572 7.71359762196719 0.20446808539639236 0.8455754070077774
86 860 0.13817863707507338 0 298.71592749704047 -4.412967740049573 17.16226937161559 0.0031275354296651865 0.3204562541812889 0.1451733616174326 7.866927689578732 0.1850294024924142 0.8457377199126657
87 870 0.12410944114918822 0 298.6212887740263 -4.627460024352636 16.505847724249698 0.00801279838479405 0.44026677131565883 0.4178340109520559 7.761517089582045 0.19413268978877524 0.8423835452203248
88 880 0.11563864609015366 0 298.6657587402969 -4.519318771135877 16.716768427793305 0.0014232028466770602 0.4247908242372466 0.3843862047990136 7.783709421003544 0.19580944820969898 0.8263617537480253
89 890 0.10890665554928713 0 298.6076022312659 -4.489363890941293 16.49122238620869 0.0077885511223817734 0.4529520328535236 0.4463428392082024 7.755573365037684 0.19529581680669483 0.8365761167453708
90 900 0.12052267207440838 0 298.5513899854517 -4.71508736504299 16.512408064446852 0.015871793693645005 0.39747645536519893 0.5850312014030988 7.704403638468159 0.1905033030684723 0.8437490474437026
91 910 0.12994306648632326 0 298.63466714317553 -5.278210346077248 16.375725781320416 0.010894066706191337 0.3413390814188385 0.6024008007411902 7.896304731945376 0.1862077274558749 0.8228024553788618
92 920 0.1532288030136652 0 298.49494419728876 -5.024690399272361 16.086900039460815 0.013979098223129975 0.366706684038953 0.856303284296146 7.735593985018593 0.18620479481211658 0.8587452724025808
93 930 0.1748185141704325 0 298.4538121224007 -4.800214814396258 16.08207373996057 0.02955083818880183 0.3245000216288733 0.8754374736456432 7.648712211928133 0.17663903454842728 0.845523319754499
94 940 0.1783336978512795 0 298.58721350643015 -5.07511617561811 16.321629688485825 0.027640129763310064 0.27255998803999737 0.7983582274999643 7.71872679283456 0.1817081976707024 0.8150336283017382
95 950 0.17784944361498795 0 298.5422833447586 -4.746802015378277 16.21831422741024 0.035713872712923485 0.25783593133268273 0.9328256434876133 7.481530719981051 0.18163971603830462 0.8620405487802342
96 960 0.17260127226915514 0 298.4200428473771 -5.064727415937286 16.093068795787815 0.02739189669240556 0.24823656415873743 0.49657236947294314 7.810856747672665 0.17358424962547644 0.846176118184887
97 970 0.18791042510497713 0 298.37503357977613 -4.9894892840831035 15.843602127932146 0.038541527905054065 0.20312747835693368 0.7117770296403734 7.6820826325826195 0.18488179716155956 0.8831203445387726
98 980 0.20403477637644551 0 298.3066589697205 -5.494520242295435 15.73007325219268 0.03992351106395034 0.23285217366802566 0.8242000171670734 8.011182441367744 0.1785283924071958 0.9179675777040938
99 990 0.20539184471550676 0 298.31570611026734 -5.043362592011601 15.731569242692897 0.027709977459376492 0.17150304340317463 0.5488154058874815 8.034977489491999 0.19015357201283764 0.8903489435397891
100 1000 0.1961090107858468 0 298.2436084826013 -6.0043643420290325 15.450515388189274 0.044122719615694944 0.22129119630472055 0.9998943229065587 8.007495728550145 0.18675384550330784 0.8810631854307518
101 1010 0.1842090749725254 0 298.23981884895863 -5.541464488391172 15.407932349294573 0.036242764442944136 0.2140340490194834 0.8038582294319284 7.7202577035249345 0.18801827168236218 0.900264051924189
102 1020 0.19509864704492322 0 298.1951920536103 -4.913876299344153 14.995892206667522 0.04017477571918629 0.342749547512414 0.8274350574003098 7.640317131616648 0.18459954238110612 0.8922339864677072
103 1030 0.21963094891385326 0 298.08009824082717 -5.318561260587157 14.745934092238429 0.042362519108638606 0.22932423267960414 0.8505540503808757 7.568876943380733 0.18397731020913732 0.9018867323504213
104 1040 0.24389574253893379 0 298.1732833908919 -5.567712599416903 14.320943458475053 0.028280436103110113 0.21749633314756875 0.6185799158641497 7.675418002619201 0.1878256173513494 0.8637462308139336
105 1050 0.2575533503181433 0 298.1133480242481 -4.525972667450506 14.386861714558185 0.03128173408397358 0.2587063380793351 0.5772100493199777 7.6413086231696665 0.18429394341543015 0.8742806482108904
106 1060 0.268428333633556 0 298.06825228388044 -5.068427267610683 14.257412253671474 0.06412748904322049 0.3011591019752361 0.4789950232774718 7.6820209200727145 0.1714738392872653 0.839486659669103
107 1070 0.27985471962460823 0 297.85938557430717 -5.356792563023421 14.215626160231054 0.05614114894674485 0.25645332040114366 0.764112697804044 7.85294562275996 0.17446465995732097 0.8707538378235821
108 1080 0.3205382138893707 0 297.7992316103023 -4.91298051561094 12.370528184967155 0.05791106571973101 0.34757219653708665 0.5727853186790729 7.3382903515621445 0.19313578502993012 0.815651073775424
109 1090 0.339011666015543 0 297.8344599508649 -5.074777925828917 11.305739586543623 0.08070493284839539 0.2532235541864135 0.5542483887105327 7.158058335560316 0.16336622245018734 0.8421866719761479
110 1100 0.32569094709780116 0 297.7800516990326 -5.380667745845196 13.719871578163062 0.06383567856256966 0.18908435210873897 0.4271299393059661 8.166704756300268 0.16319480527265043 0.9248295478873251
111 1110 0.2844612806115445 0 297.84963031343807 -5.182066509074428 13.072488238066349 0.04403133148179769 0.2204085736266062 0.24167413655256592 7.816832601420568 0.17052615079225192 0.8464418164033876
112 1120 0.2836537090340505 0 297.376951056101 -5.552271728259919 12.199017682981898 0.06660509313186813 0.18999374516331463 0.42783596990800865 8.099089385338159 0.16828213387354554 0.8488474479359529
113 1130 0.3214876154797185 0 297.3233197046726 -5.38652701847044 11.749363894765393 0.08699905557082696 0.3462908763943701 1.1659052877746952 8.153893050283678 0.15964724137368963 0.8784336323590608
114 1140 0.37745661235083816 0 297.1714214117372 -6.035995234349578 11.675618560032794 0.06574219017519942 0.1576087825597383 0.7424101617829216 8.47406509249505 0.16787576557400277 0.8824750479224246
115 1150 0.40438552323326754 0 297.13849844149723 -5.718629839596677 9.599187231538746 0.11813441950669945 0.31942140424234367 1.1489677644059428 8.013258891675191 0.1551581149299513 0.8699873746125004
116 1160 0.4450805430732101 0 297.30534465520475 -4.621418664022076 8.425112061897433 0.08789387465231288 0.3126251786258544 1.2582580521822617 7.921817836947696 0.15616955260049922 0.9066557567659147
117 1170 0.5047755429849865 0 297.1862153951141 -5.7949674261465915 8.708894563323023 0.11042026193102791 0.2271569613466632 1.6049742435187788 8.418787665572038 0.1543083432151479 0.9857831084003026
118 1180 0.5205440966916289 0 297.33508476166185 -5.577943640517704 10.31368590594002 0.10576263138272193 0.15192660403466168 0.7442891678087399 8.595321119417987 0.13938162940416965 0.9657635695964285
119 1190 0.5436756950720283 0 296.64269054699804 -4.503380391733778 6.636305234763334 0.14830526462344218 0.49541540959525665 1.482954227358126 9.059124269566173 0.14195479680691994 0.9336736615942371
120 1200 0.5329356382832041 0 297.07221880042124 -4.746542256477045 7.958143836948288 0.1561287715832605 0.47995391529375164 1.5021214417656175 8.556759352004102 0.1570105316424944 0.922274479201491
121 1210 0.48055147393612413 0 296.85852054664394 -5.340779093550531 7.77201865382384 0.15003956726169754 0.25335219763402106 1.477061300155086 8.98538014169997 0.12683719015036124 0.9729431131055893
122 1220 0.4620128742331036 0 296.54128984069837 -6.165091129726243 8.760661608048236 0.11123126739041037 0.2210363636965716 1.905878883652983 9.23998667785355 0.17376265299146032 0.982857572264089
123 1230 0.4966066469274778 0 296.9074325030813 -4.1706714854486115 7.279618996944814 0.18117617406932274 0.48301831802063044 1.0861329507939432 9.722840886024896 0.11975924318401014 0.9757745221647727
124 1240 0.49059384640619463 0 296.30599182686865 -4.660605418966076 9.539630362538752 0.11537225914088986 0.32308951674935243 1.3717202243325572 9.760796765152744 0.13058560851030362 0.9760982318935963
125 1250 0.5171026311019583 0 296.0158794348424 -3.4247171224866344 6.788156753212835 0.1670870883608917 0.39504647984916913 1.1873762793803129 9.595988905710803 0.13004527735867893 0.9415793923681108
126 1260 0.556869819988817 0 295.8714404207734 -3.783479017653255 8.348770924181611 0.12939749189155084 0.457436104118053 1.2395306769813046 10.6124213876432 0.11885401892265997 0.9583675934861038
127 1270 0.5870418007663013 0 295.9202298840048 -4.943034382633208 8.285417681266656 0.1381957716430256 0.20822697193874934 1.7762850186654087 10.371814155813652 0.13467358152594697 0.9804022597070887
128 1280 0.6541371425611605 0 295.1773533360355 -5.619698665663616 7.1210820544676805 0.11876553926186029 0.20128187460249938 0.9512092567796542 11.33623565546538 0.15335119309215992 0.916715005661888
129 1290 0.773817140813572 0 294.6244985548267 -4.322663096456236 6.008786586938228 0.1511262620411713 0.3703338994333051 1.0484299117774654 11.355690909793275 0.1642764007424209 0.9907984985646638
130 1300 0.8016470774995218 0 294.6492605328202 -4.686647925953527 4.597903086265388 0.1869653642580879 0.4451054339522693 1.099565933471695 12.280871943601237 0.13497137329762518 0.9641649411894205
131 1310 0.764423156427493 0 295.26880618391857 -3.613005180223607 7.053827932134613 0.11219945518471594 0.24145064733600113 1.9146021458525935 11.703006433068312 0.15616244715932032 0.9938333877460124
132 1320 0.7068866494497528 0 294.2543174292547 -2.744070492995557 6.304197525190141 0.15660836225000258 0.4600140558489145 0.5440655398480438 12.983289426629314 0.11054397691278352 0.9818943746045053
133 1330 0.7140708952599814 0 293.92412262764844 -3.0668754487873544 3.167988216578708 0.20134246368479913 0.41524980090507035 1.0337374397783377 12.896806787282388 0.10446199620710113 0.9999898278094709
134 1340 0.7681332639295698 0 293.6372309199387 -2.1942035235378006 3.2346142419198505 0.19754277085148142 0.5067362244416334 0.8375147192579973 14.513958927466254 0.08426867264689986 0.9974568623433827
135 1350 0.7666267708460487 0 294.46231948042134 -3.493575637130708 6.4953587929467265 0.1371241454955231 0.5016307047964009 -0.4375755226864382 14.608897105418352 0.1136027269617138 0.9119155711696766
136 1360 0.771569879341718 0 294.73090098291306 -3.0210695786128525 5.868488071640107 0.20360707869196454 0.3726926726862947 0.0644379095630796 14.811704230790923 0.07451986820031127 0.9974280120088354
137 1370 0.723768189865035 0 293.4448916462231 -3.7698704326395256 5.0315834187413895 0.1752465238495851 0.3925881805109699 -0.5415641239823998 15.128815022528688 0.07424419919763649 0.9954963093335949
138 1380 0.7640440022897448 0 293.4337931538389 -3.7060639233000727 3.131207597589425 0.1641466054194083 0.3330237798270388 0.7259312318626917 16.037397128514293 0.08434816882069174 0.9564003258931909
139 1390 0.7200577004785849 0 293.29836650629306 -3.7954560747615362 2.9428240984240253 0.17947188002635173 0.4641154381618863 0.5537728415619521 16.331802127922593 0.11133062744941807 0.9955576122006071
140 1400 0.6547809769363857 0 292.9501516009172 -3.2735135829283797 3.807455190193795 0.14979308357729762 0.4449970926402037 0.5543319297760145 15.102278346939196 0.11097579113696847 0.9941382794505383
141 1410 0.5985422032259703 0 292.99488006434973 -2.9524692027983357 3.0413446391298473 0.19248981253001785 0.37297633914660094 0.054187401773045346 16.30986296573946 0.09680729586268948 0.9693011095008855
142 1420 0.5299950834375472 0 293.04054239146564 -2.6594963443820188 4.006525909907024 0.15358912777408718 0.43850746061528956 -0.0022959753018382822 15.567717592694027 0.10589715405940817 0.9500862118678416
143 1430 0.5071488810024801 0 293.0864747138702 -1.7352443187801747 3.099851909629426 0.19896036908915 0.4963142547062702 -1.1361453040319827 17.195409873849062 0.07199354185917298 0.9813468276420453
144 1440 0.4515186105725222 0 292.9542016491312 -3.16432549693437 4.165522369540751 0.16714270818682436 0.3763589899911654 -1.0633408202342667 15.945100095662397 0.09965568589531956 0.9545943130595161
145 1450 0.4197331967676044 0 292.90567065377843 -2.4475227549433756 2.5683126763755464 0.1870689493313164 0.38896183500952025 -0.9540479467002732 16.466283804376083 0.08176145096835874 0.9227399139418855
146 1460 0.41036147780286514 0 292.95123677212916 -2.56394382122481 3.1328041608132757 0.1754108790067191 0.39431295906324454 -0.9811283120547076 15.757044008126979 0.07763004657991916 0.920852622747219
147 1470 0.3739407966395241 0 292.8081993317401 -2.220113486842817 3.077705505877689 0.18045043929078708 0.35883289898117876 -0.963002223545104 16.947945531523843 0.08777246756668856 0.9817293269711077
148 1480 0.3387723348793664 0 292.8205448788019 -1.957717372077921 2.7740429103558877 0.16633334541185857 0.4616141045959061 -0.6498175936964826 15.75306743973616 0.0819805309689694 0.9730043234431905
149 1490 0.3140159092714403 0 292.65902348731186 -2.396802603357791 2.806427941836101 0.19171411555793666 0.4550104328858112 -0.8452036352209203 16.012755734023436 0.0936958631544537 0.9782793661718296
150 1500 0.32323457685930346 0 292.62355075707234 -2.92112272930589 2.630702806443306 0.182120462627829 0.43344872176534927 -0.48687455548756753 15.794196270854865 0.09383566364914861 0.9980283551084125
151 1510 0.30311449191605305 0 292.6732486087649 -2.6606032900447145 2.7909246065949436 0.18696219674236275 0.4395960677382365 -0.2393049686936665 15.488527941242884 0.10337466838315289 0.9906904889902065
152 1520 0.2725061183725124 0 292.62577119754576 -2.659766189857346 3.0772908312451492 0.17703155512412833 0.3958115234311984 -0.6281145262631005 16.240922113871434 0.07888028593619743 0.982371535208337
153 1530 0.2546851896042054 0 292.56870150463783 -2.795948145800589 2.850725256207213 0.17466077342606606 0.3734574542740008 -0.7970986496002755 16.3795378435529 0.09078661082723553 0.980961434058646
154 1540 0.25088261946962936 0 292.64168387731945 -2.7035682952160554 3.23763185890584 0.17958969317408685 0.355445907600755 -0.7215655876934608 16.21612881601149 0.08675356899863415 0.9961329694578362
155 1550 0.2313507416619834 0 292.5411389528607 -2.529696357097294 2.934194780596031 0.1771353857586977 0.3952482966604303 -0.8689447366049418 16.79511448266486 0.07950554607702372 0.9884547464274438
156 1560 0.2218667217322947 0 292.5579299098131 -2.487072919116933 2.614788015400755 0.1772514966843517 0.4508026405778173 -0.5036478681252616 15.977701033230852 0.09568575848254014 0.9873473370599053
157 1570 0.2231333918082306 0 292.5352822745039 -2.2188139305987584 2.508217958569621 0.1877266734430294 0.41690389126296956 -0.7351648957619658 16.67368700138351 0.07701387873627798 0.9998116484002133
158 1580 0.21769422193369828 0 292.5206860142173 -2.3317012042898257 2.787376112733732 0.17495158863276133 0.4622494845011733 -0.6752085671026588 15.96519788319176 0.09191539154735565 0.9987023517139146
159 1590 0.19974667748556962 0 292.46825686715556 -2.40378925788539 2.542513840328354 0.17845918727544474 0.41906146874833655 -0.7336176638205382 16.369454995382945 0.08269553261472046 0.998228217705588
160 1600 0.1998230431092571 0 292.5200683009461 -2.7051921793465996 3.012274425609145 0.16654053771075827 0.4406251952144793 -0.5964127738823254 16.036964500266002 0.09305479863286982 0.996907977263148
161 1610 0.19480426855932245 0 292.4607171238358 -2.539094643975134 2.6294321796004136 0.17303878442840698 0.42486022954466574 -0.569183034451792 16.252305385663455 0.08923957212685268 0.9998766726253454
162 1620 0.18909239438535477 0 292.4726105256373 -2.3547886213673 2.756037569765489 0.17233521286362702 0.4410057153810599 -0.5669961805550053 16.327820168426943 0.0885353882181464 0.9999617596019097
163 1630 0.19774189188373115 0 292.43578481176945 -2.4269396780695383 2.5813351007368075 0.17409838667523142 0.4221147401138536 -0.7911389787638088 16.66292353543387 0.0833884121424252 0.9994806082549281
164 1640 0.20330254006863457 0 292.4470290947203 -2.3794125236540506 2.639932897446187 0.17782289104850846 0.43478867782082753 -0.7187939386728924 16.733629703125967 0.08532086305017253 0.9999098019277816
165 1650 0.20889624276382768 0 292.42004873573063 -2.2957716731707354 2.5968614187449925 0.17070925369061013 0.4231492760608346 -1.1738559836673446 17.0466750215332 0.08122077174462554 0.9992095768343213
166 1660 0.21907069473879567 0 292.4167431242748 -2.13874752439011 2.6153036983427174 0.17667714404140167 0.4324237651831375 -1.2970725335933784 16.686346398705076 0.08456469570710287 0.9999754412319791
167 1670 0.21729943731330437 0 292.4350382948031 -2.235724464084718 2.5980090766517803 0.1750084246456255 0.42282662801182275 -1.3068980676264148 16.803683483393367 0.09363037538742203 0.9999999860241482
168 1680 0.19430836800421875 0 292.424369479542 -2.4965756165798125 2.739518108421598 0.17494119847074469 0.4232664116795988 -1.0707689169465602 16.834145683510844 0.08654967963189936 0.9998954459614601
169 1690 0.17174392807234012 0 292.42129428006893 -2.2882920972600886 2.7421320278745713 0.17032002131880986 0.4098164620419609 -1.138150258952194 16.416474444256618 0.092642159457712 0.9999443989402147
170 1700 0.1620607669299331 0 292.41988774070376 -2.2526110645118864 2.7225669665600227 0.1732292321965827 0.4180800762954171 -1.292236557272452 16.96815057311196 0.08021197953168432 0.9999999587320987
171 1710 0.1476985396437665 0 292.40907370653133 -2.266628069042706 2.5583742267091534 0.17780051972382838 0.4233599292885438 -1.2493196380600051 16.840294517522146 0.08269633560209474 0.9999578047275057
172 1720 0.12349990877762436 0 292.4097168020147 -2.3839961129405225 2.7383236421089436 0.1717294924811515 0.42157631993565103 -1.15331346168448 16.651496866721562 0.08487696889269648 0.9999591196453171
173 1730 0.11658498700977303 0 292.41569117050767 -2.240034481017125 2.633445881294401 0.17283991019853112 0.40778770302749934 -1.407844159745153 16.778543115803036 0.08019599025404162 0.9999996473764492
174 1740 0.10490189379097385 0 292.41172064244734 -2.3192315812978195 2.698675756474476 0.17156529177844798 0.4197671898852415 -1.359286182329604 16.727245576182654 0.08280760633927171 0.999905834207514
175 1750 0.08666622000945556 0 292.4079088696901 -2.3543734938814262 2.687289388481767 0.17278989718712323 0.42099068979395576 -1.1444759884576199 16.534717288010974 0.08680710988092985 0.9998783471686428
176 1760 0.07745985471197374 0 292.40522310121554 -2.2400914674489236 2.6214293231613177 0.17153395235932112 0.4192847399743753 -1.270919953898266 16.753779146366433 0.08383485359920395 0.9998894724474564
177 1770 0.07757154244655122 0 292.4045630011683 -2.2810474240230216 2.551435038575228 0.17089166562300162 0.41879341307520046 -1.2095432060588507 16.751543926485084 0.08558736953205981 0.9999330734614458
178 1780 0.06830057739315268 0 292.4045537896769 -2.376146385986971 2.64789437996649 0.17188834471659598 0.416554512890302 -1.1796673529212778 16.661516744041563 0.08699640401976831 0.9998050820357729
179 1790 0.06558334782855962 0 292.4024050993005 -2.3339151642699187 2.6146450554745453 0.17316045620667686 0.4175513483359039 -1.1715966955720338 16.721105217727406 0.08492205733719256 0.9999843204658567
180 1800 0.060480008659807384 0 292.4029743025519 -2.3195692208475296 2.5412418443401417 0.1734009873403355 0.4140128542693384 -1.1837163673289857 16.796685189248265 0.08486007582744282 0.9998735205705581
181 1810 0.05719779437583354 0 292.40328554385263 -2.313021255861246 2.5577027388388984 0.1730168788961416 0.41537741210502477 -1.1731645564465818 16.696379323968042 0.08534849414215209 0.9999993507809267
182 1820 0.053893741436372204 0 292.4028987056017 -2.3525459734014595 2.627610493164742 0.1716254001812692 0.41510590794989055 -1.1290897183750237 16.753245068605683 0.08538929802231963 0.9999877783395482
183 1830 0.051583274508026335 0 292.4025148761184 -2.287217551989616 2.6062147441981156 0.17238806320457656 0.42112660241849237 -1.1578460157587322 16.80404167317849 0.08638167945145349 0.9999935552434152
184 1840 0.047975004423646155 0 292.4017336277269 -2.3091254485554025 2.591047089091151 0.1725243787218887 0.41431025898844415 -1.1603287421121933 16.72522032068102 0.08669994061014838 0.999984022772099
185 1850 0.04454671989261687 0 292.4021227811363 -2.2814386600803216 2.6157716745534536 0.1724013269642113 0.417091091941418 -1.1744034269799077 16.815839178453956 0.08651993337567125 0.9999996834385719
186 1860 0.03913268706045056 0 292.4013573409703 -2.316919095750852 2.5985694507969312 0.17214121489516132 0.4146701444736414 -1.1792473275893287 16.787489366735034 0.08558985056524833 0.999994195039537
187 1870 0.03537015369691138 0 292.40141216450655 -2.260534990646835 2.5694893756144914 0.17366130082754705 0.4173740837832736 -1.2177480160720586 16.805926631186573 0.08568483600874664 0.9999881763302073
188 1880 0.032834983100570106 0 292.4011783032152 -2.2978617689424747 2.5788780170831282 0.17251679680344312 0.4173503181045636 -1.2038389252718438 16.795174357414727 0.08592569492182149 0.9999764724607294
189 1890 0.029541880711384853 0 292.4012555751092 -2.302674445890678 2.594532441654762 0.17217162651395285 0.4151170278456179 -1.1929725528021595 16.799954438543462 0.08545663396442943 0.9999995307844263
190 1900 0.02681163931954142 0 292.40117877281546 -2.2854723789326763 2.580914170633316 0.172485416594716 0.41583216512690563 -1.216999447720178 16.772938189128407 0.08571505921440178 0.9999895710485596
191 1910 0.024988427776514457 0 292.40110397232183 -2.3040307261055695 2.581028863844028 0.17231619292790729 0.4146758027322763 -1.2054595269350223 16.798177540470274 0.08611884173870468 0.9999993703802337
192 1920 0.02221028421502861 0 292.40097279384486 -2.3091706228051536 2.5981530921129226 0.17243823694329724 0.4153319800766989 -1.214610138623592 16.807099605203167 0.08572784348984085 0.999998824722454
193 1930 0.021138873529913563 0 292.4010543061037 -2.298603785358116 2.595286449788564 0.17252209285386638 0.4137300601518409 -1.2219443808035668 16.78672971227432 0.08573949039023329 0.9999978994336477
194 1940 0.018872816985125884 0 292.4009561847759 -2.3047684723968147 2.5835665196569786 0.17280848692360634 0.4152383045751733 -1.210163911383694 16.788967637523395 0.08595359486278231 0.999998454140117
195 1950 0.01720532254868249 0 292.4009054991488 -2.303564923962053 2.5961182248130408 0.1727756389214989 0.41568919063566634 -1.218780773336238 16.79976853877578 0.08567986732178562 0.9999993923565113
196 1960 0.0147223569135271 0 292.4009683170912 -2.293700784740283 2.583058092867946 0.17295285531548987 0.41462915979833354 -1.2341104554057782 16.80537597898392 0.08554792835197336 0.9999963050841929
197 1970 0.012534267959347388 0 292.4009033672007 -2.298261020496236 2.5870436636816785 0.17286616539213573 0.41572052918170155 -1.2131103111154176 16.796746805332532 0.0857157970274859 0.9999969074429731
198 1980 0.01146473506289989 0 292.4009231818319 -2.296920310748815 2.586063515528111 0.1730308226023452 0.41636185059513936 -1.2223910836778495 16.788738905888692 0.08571949825645114 0.9999998311480147
199 1990 0.010041622954476673 0 292.4009036861756 -2.2971052056994927 2.5889315714604266 0.17294875517184366 0.4154623532769732 -1.2229698810839118 16.796897042282172 0.08555606206896114 0.9999977759086232
200 2000 0.008738577410324841 0 292.4009020382995 -2.30153207994585 2.5913239018114727 0.17275066172622633 0.4155738542045322 -1.224725558184018 16.798679507049158 0.08560352418552147 0.9999999826712235
201 2010 0.008096975987097393 0 292.40089716799537 -2.2969548564469378 2.594418236118847 0.17281020852668705 0.41556028454359273 -1.2168110109305994 16.794450137057808 0.08573287255004619 0.999999999814184
202 2020 0.007156791227884653 0 292.40089684961004 -2.2975445506175145 2.591489259320756 0.17296696253274485 0.4156432888451369 -1.2227600487613477 16.793546685069927 0.08560591689715678 0.9999998764556626
203 2030 0.006213415625715224 0 292.40089842433116 -2.2970013815892902 2.5920455785378964 0.17281115918563322 0.4158144364468603 -1.2206519056860203 16.791270280863568 0.08571591161082116 0.999998532901497
204 2040 0.0051304330038665575 0 292.4008978991107 -2.2950020579463204 2.5908175586059334 0.17296729562707358 0.4155615001114335 -1.2217476854243265 16.79629520945546 0.08570257928728861 0.9999995366188623
205 2050 0.0046495026722249725 0 292.4008945813445 -2.296234644828757 2.592102148915268 0.17273922804840158 0.41559242357237147 -1.2238545856011502 16.79951037212212 0.08565527477205657 0.9999998952219677
206 2060 0.004369418618217401 0 292.4008919060003 -2.298490462551253 2.5906421420221086 0.1729717617547057 0.41589473287862344 -1.215324650447265 16.792252826808532 0.08571501047908738 0.9999999411760636
207 2070 0.004216675013331028 0 292.40088645888153 -2.297343924170445 2.5875344404027834 0.17287381507554717 0.4157544169434689 -1.2208617718184407 16.79890127654318 0.08567688891380687 0.9999998906534492
208 2080 0.003698383879785304 0 292.4008883727705 -2.297827404905234 2.5922428517730434 0.17288110265715595 0.4159182194398415 -1.2178534566290273 16.796745768280086 0.08569533317125264 0.9999999180261201
209 2090 0.0040309992863608625 0 292.40088631060496 -2.2982836646721805 2.58912497252225 0.17285052784691196 0.41579137347989514 -1.2186853010282275 16.803116519944144 0.08568013205366257 0.9999998198199069
210 2100 0.003963778733044797 0 292.4008860658829 -2.295359461227727 2.5888367162720045 0.17286151082325718 0.4159058414459068 -1.2215427002801615 16.80268872713727 0.08564000568461955 0.9999999787072581
211 2110 0.0036189274856494543 0 292.40088771909154 -2.294664026872465 2.5897380614319556 0.17286248739276094 0.4158926298403528 -1.222104472792004 16.799605480531092 0.0856618753930525 0.9999998658009398
212 2120 0.003325257975926338 0 292.40088625706676 -2.2957815495402576 2.5865135262606165 0.17287623380014916 0.4158726276867833 -1.2204309255355394 16.800813671146436 0.08568234287193364 0.9999999994240144
213 2130 0.0030235469956348187 0 292.40088644074854 -2.2984024177407774 2.5875678379783715 0.17284588695544534 0.4157035140002294 -1.2200825489038765 16.801689080373826 0.08566007330423658 0.9999999099873841
214 2140 0.002629164299711171 0 292.40088595514726 -2.297364657854135 2.5879832355131533 0.17290299058197384 0.4158825724187289 -1.2182637630770496 16.798324175072892 0.08571927422130841 0.9999999553385825
215 2150 0.002388963996596152 0 292.4008853892379 -2.2971026455556203 2.589520189303599 0.17286918813226843 0.4157720466171708 -1.2190334775594276 16.798228981591205 0.08571992810896444 0.9999999772715605
216 2160 0.002072016781184316 0 292.40088475639425 -2.297549963978722 2.5884620291927205 0.17287183161574615 0.41585585108637646 -1.2191469486548647 16.800032132918506 0.0856910152331377 0.9999999898787011
217 2170 0.002002080455554495 0 292.40088462372034 -2.2970290254912995 2.5883298276074336 0.17287662495469158 0.4158695575203863 -1.2199897584715789 16.80092646709543 0.08566101035707774 0.9999999848983309
218 2180 0.0018677295944756701 0 292.40088492707025 -2.2970126265237365 2.588677203797504 0.17287640209372473 0.41586862079507025 -1.219224700287735 16.799915867137937 0.08565404974397867 0.9999999470045877
219 2190 0.0016006444912898498 0 292.4008844125394 -2.297526636041453 2.588863205929555 0.17287676101572003 0.4158078840511508 -1.2191724772776498 16.79976590180185 0.08568235509524251 0.9999999997310002
220 2200 0.0014535070956807146 0 292.40088463034266 -2.2974965477321168 2.5886847804598703 0.1728958752191671 0.41585733797209373 -1.2183383635610223 16.799724070150585 0.08568102761014074 0.9999999992806844
221 2210 0.0013895219407075495 0 292.40088450140223 -2.2979251900943907 2.5885404959251983 0.17288989472228022 0.4157966469287319 -1.2195462245997917 16.800478290924225 0.08566909891297621 0.9999999996647575
222 2220 0.0012747682290510818 0 292.40088439662816 -2.2975014419176225 2.5886917273082695 0.17287846674546692 0.4157681606836264 -1.219387153777184 16.80082564124905 0.08567275947981905 0.999999996028948
223 2230 0.0012241940903522182 0 292.40088453409385 -2.2976747180168 2.589355360926336 0.17289212667298381 0.4157502247987604 -1.2192507369832466 16.80028623006483 0.08566513966982099 0.9999999994076596
224 2240 0.0010676985162807603 0 292.40088457624836 -2.297132924189865 2.5894208721095238 0.17287976797393517 0.41579055496257084 -1.2200257637723835 16.80043982072934 0.08564987446120874 0.9999999999565758
225 2250 0.0008962598254695423 0 292.4008843845802 -2.297510715204407 2.5889748026823773 0.17287622767252986 0.41578347433224777 -1.2198079790839458 16.80019976184625 0.08566392508877253 0.999999994890083
226 2260 0.0007613177366631532 0 292.40088436249806 -2.2975912474170808 2.5888876508261935 0.1728901493932707 0.41577977350248274 -1.219446916093722 16.800190839050376 0.0856677920354418 0.999999999974658
227 2270 0.0006560209376046676 0 292.4008843664637 -2.297361733057914 2.589095082506156 0.17288647507427418 0.4157863689672666 -1.2197189970309474 16.800445678464005 0.0856632254309245 0.9999999991190103
228 2280 0.0006101753866385851 0 292.4008843532694 -2.2972869132916482 2.5890079698684088 0.1728781965070027 0.4157974814591763 -1.2196080773458697 16.80007154691931 0.08566864284343767 0.9999999999394936
229 2290 0.0005945068106841773 0 292.4008843653687 -2.2977442919917905 2.589012262672818 0.1728768915537654 0.4157797010592944 -1.219499190815817 16.800251082618136 0.08567068142857283 0.9999999988463445
230 2300 0.0005365675524649215 0 292.4008843614554 -2.297566887533863 2.589002100494157 0.1728791392228486 0.41580638161305644 -1.2193314252914662 16.80038233599374 0.0856647074335404 0.9999999993107579
231 2310 0.0004626396146439949 0 292.4008843512499 -2.2976267201986684 2.5888512300555075 0.17288428145099138 0.4157931252439637 -1.219177814352097 16.80034762566375 0.08566936896636541 0.9999999999267716
232 2320 0.00042233190999348824 0 292.4008843629229 -2.297652845642917 2.5891067263290277 0.17288313976280906 0.415781828602337 -1.2192260528110495 16.80017732663706 0.08567335917019618 0.9999999996517274
233 2330 0.00039325729760423633 0 292.40088435822764 -2.2976889603340966 2.5890807476933824 0.1728821852075676 0.4157796638449423 -1.2194397156786472 16.80053783636238 0.08566648402251159 0.9999999999302305
234 2340 0.00036381141371335607 0 292.4008843414683 -2.297619642697271 2.588932242395096 0.17287958426119232 0.4157814355364587 -1.2194866047075938 16.80053989316083 0.08567073371376706 0.9999999996109242
235 2350 0.0003387233968108427 0 292.4008843397563 -2.2975367040424244 2.588788534425443 0.17288575063430323 0.4157964678177783 -1.219356460946208 16.800517306548382 0.085671704671973 0.9999999998983471
236 2360 0.00029311859995795515 0 292.40088433188515 -2.297494748611934 2.588886482333001 0.17288277350318215 0.41578360545822407 -1.2195511040607359 16.800574429477436 0.08566997147134366 0.9999999997654504
237 2370 0.0002900986918792898 0 292.40088433336143 -2.2974930575358217 2.5888480520209725 0.17287957676574806 0.4157860694705729 -1.2194694507651447 16.800557455790273 0.08567054978972441 0.9999999996749622
238 2380 0.0003042517758602042 0 292.4008843329802 -2.297407996456466 2.5888879990163884 0.1728786440263131 0.41578569198046134 -1.2197141394880855 16.800515958521945 0.08566908406607729 0.999999998871068
239 2390 0.00029367700667233104 0 292.4008843300444 -2.297387122658549 2.588910411268037 0.1728783294007022 0.41579676526246734 -1.2196122482169092 16.800608823599216 0.08566953136330323 0.99999999986579
